tree
version=v3
num_class=1
num_tree_per_iteration=1
label_index=0
max_feature_idx=7
objective=binary sigmoid:1
feature_names=Cough Fever Sore_throat Shortness_of_breath Headache Age_60+ Male Contact_with_confirmed
feature_infos=[0:1] [0:1] [0:1] [0:1] [0:1] none [0:1] [0:1]
tree_sizes=1301 1514 1304 1307 1410 1723

Tree=0
num_leaves=11
num_cat=0
split_feature=7 1 2 3 6 1 6 6 2 6
split_gain=22307.5 3854.9 2279.63 324.84 88.716 19.2324 31.6503 16.6605 8.50786 0.924037
threshold=1.0000000180025095e-35 1.0000000180025095e-35 1.0000000180025095e-35 1.0000000180025095e-35 1.0000000180025095e-35 1.0000000180025095e-35 1.0000000180025095e-35 1.0000000180025095e-35 1.0000000180025095e-35 1.0000000180025095e-35
decision_type=2 2 2 2 2 2 2 2 2 2
left_child=1 2 3 4 -1 8 -7 -3 9 -2
right_child=5 7 -4 -5 -6 6 -8 -9 -10 -11
leaf_value=-0.19661061027724588 0.26701886072875164 0.16969450539939351 0.24974163050111042 0.21097404680251997 -0.16508413428080401 0.19380765315570622 0.2624683898896461 0.21756684684534303 0.2406933386056552 0.27169493332521677
leaf_weight=4668.0972747802734 1980.7428226470947 273.96181869506836 305.12536430358887 50.442363739013672 3918.7608203887939 234.74063682556152 504.86600112915039 473.20245552062988 262.4330005645752 2055.1275501251221
leaf_count=15317 625 257 130 34 12068 184 174 299 127 587
internal_value=0 -0.137099 -0.165266 -0.179927 -0.182223 0.263688 0.240676 0.200014 0.267647 0.2694
internal_weight=0 9689.59 8942.43 8637.3 8586.86 5037.91 739.607 747.164 4298.3 4035.87
internal_count=29802 28105 27549 27419 27385 1697 358 556 1339 1212
is_linear=0
shrinkage=0.15449


Tree=1
num_leaves=13
num_cat=0
split_feature=7 4 1 3 6 6 4 1 1 6 6 6
split_gain=16207.3 3065.68 1946.55 251.283 30.2508 22.5309 17.7867 12.0696 6.75373 3.97821 2.23218 0.726507
threshold=1.0000000180025095e-35 1.0000000180025095e-35 1.0000000180025095e-35 1.0000000180025095e-35 1.0000000180025095e-35 1.0000000180025095e-35 1.0000000180025095e-35 1.0000000180025095e-35 1.0000000180025095e-35 1.0000000180025095e-35 1.0000000180025095e-35 1.0000000180025095e-35
decision_type=2 2 2 2 2 2 2 2 2 2 2 2
left_child=1 2 3 4 -1 -4 7 11 9 -3 -8 -2
right_child=6 8 5 -5 -6 -7 10 -9 -10 -11 -12 -13
leaf_value=-0.16747233686279911 0.23183619454773194 0.21515973713600764 0.10686133013239817 0.19428615592230036 -0.14889974915150328 0.17885877850180287 0.21207095506641044 0.20781238340736807 0.19849782729153892 0.24737478936426349 0.1950164725315259 0.23618087519803599
leaf_weight=4633.3291748762131 1740.4988588988781 177.86905229091644 147.54119947552681 48.304297745227814 3817.8631594479084 349.44492319226265 510.79989689588547 468.84448871016502 242.65937839448452 188.39270357787609 285.57583606243134 1945.2839271873236
leaf_count=15277 542 132 175 28 12022 240 230 226 141 90 156 543
internal_value=0 -0.11699 -0.139697 -0.157074 -0.159082 0.157485 0.227105 0.231159 0.218487 0.23173 0.205955 0.234129
internal_weight=0 9605.4 8996.48 8499.5 8451.19 496.986 4951 4154.63 608.921 366.262 796.376 3685.78
internal_count=29802 28105 27742 27327 27299 415 1697 1311 363 222 386 1085
is_linear=0
shrinkage=0.15449


Tree=2
num_leaves=11
num_cat=0
split_feature=7 1 2 3 6 1 6 6 2 6
split_gain=12065.4 2038.89 1495.96 168.886 56.4423 12.9877 26.7655 10.5458 7.01316 0.614807
threshold=1.0000000180025095e-35 1.0000000180025095e-35 1.0000000180025095e-35 1.0000000180025095e-35 1.0000000180025095e-35 1.0000000180025095e-35 1.0000000180025095e-35 1.0000000180025095e-35 1.0000000180025095e-35 1.0000000180025095e-35
decision_type=2 2 2 2 2 2 2 2 2 2
left_child=1 2 3 4 -1 8 -7 -3 9 -2
right_child=5 7 -4 -5 -6 6 -8 -9 -10 -11
leaf_value=-0.14722433120777517 0.20403948170762035 0.12408044354011248 0.21824629292665718 0.15411914221796613 -0.12172864591248153 0.13776638283595022 0.20233406018515976 0.16276267199549443 0.17925634906143437 0.2079737206934254
leaf_weight=4520.8976206630468 1863.9957943558693 267.00188620388508 298.20154425501823 48.321110278367996 3826.4907538443804 225.4407846480608 478.39703804254532 454.63568246364594 248.61883988976479 1929.2317945957184
leaf_count=15317 625 257 130 34 12068 184 174 299 127 587
internal_value=0 -0.10108 -0.121792 -0.13387 -0.135537 0.20102 0.181653 0.14845 0.204393 0.20604
internal_weight=0 9415.55 8693.91 8395.71 8347.39 4745.68 703.838 721.638 4041.85 3793.23
internal_count=29802 28105 27549 27419 27385 1697 358 556 1339 1212
is_linear=0
shrinkage=0.15449


Tree=3
num_leaves=11
num_cat=0
split_feature=7 1 2 3 6 1 6 6 2 6
split_gain=9121.63 1506.99 1107.42 124.789 46.0915 12.1043 23.0853 8.82159 6.39331 0.601299
threshold=1.0000000180025095e-35 1.0000000180025095e-35 1.0000000180025095e-35 1.0000000180025095e-35 1.0000000180025095e-35 1.0000000180025095e-35 1.0000000180025095e-35 1.0000000180025095e-35 1.0000000180025095e-35 1.0000000180025095e-35
decision_type=2 2 2 2 2 2 2 2 2 2
left_child=1 2 3 4 -1 8 -7 -3 9 -2
right_child=5 7 -4 -5 -6 6 -8 -9 -10 -11
leaf_value=-0.12872590739678699 0.18394760165449509 0.10759735169645226 0.19196082615134674 0.13568133683730477 -0.1053851802024192 0.12059343345637097 0.18175905448311902 0.14349216336659837 0.1597729587548587 0.18795740914220291
leaf_weight=4383.3062263280153 1756.9398365020752 260.85669237375259 287.50544504821301 46.555981516838074 3744.0594274103642 218.35551896691322 452.40677151083946 437.4557933807373 236.82194904983044 1814.29327917099
leaf_count=15317 625 257 130 34 12068 184 174 299 127 587
internal_value=0 -0.0880449 -0.106047 -0.116529 -0.117973 0.180984 0.161848 0.130084 0.184355 0.185985
internal_weight=0 9159.74 8461.43 8173.92 8127.37 4478.82 670.762 698.312 3808.06 3571.23
internal_count=29802 28105 27549 27419 27385 1697 358 556 1339 1212
is_linear=0
shrinkage=0.15449


Tree=4
num_leaves=12
num_cat=0
split_feature=7 4 0 2 3 2 4 0 0 2 0
split_gain=6962.69 1778.99 1162.51 477.26 41.2776 36.5343 16.4221 9.24661 8.26286 1.37355 0.321557
threshold=1.0000000180025095e-35 1.0000000180025095e-35 1.0000000180025095e-35 1.0000000180025095e-35 1.0000000180025095e-35 1.0000000180025095e-35 1.0000000180025095e-35 1.0000000180025095e-35 1.0000000180025095e-35 1.0000000180025095e-35 1.0000000180025095e-35
decision_type=2 2 2 2 2 2 2 2 2 2 2
left_child=1 2 3 4 -1 7 8 -3 -2 -4 -8
right_child=6 5 9 -5 -6 -7 10 -9 -10 -11 -12
leaf_value=-0.11457848121985113 0.17184963673195905 0.22562161136329648 0.14045308693256314 0.18568139355573016 0.089264998763957909 0.11474761095960125 0.1396394622187318 0.17905476466810366 0.14946996037271082 0.16161621837617132 0.14634702008008049
leaf_weight=7698.7769400477409 3049.4813282340765 280.34399645030499 364.41014510393143 128.99581445753574 23.782807737588882 127.31531092524529 362.21072196960449 159.77601887285709 452.13538311421871 91.593502327799797 322.42701092362404
leaf_count=27094 1080 167 515 55 23 96 210 100 231 55 176
internal_value=0 -0.0770236 -0.0951006 -0.109028 -0.113951 0.187633 0.164681 0.208717 0.16896 0.144704 0.142798
internal_weight=0 8874.99 8307.56 7851.56 7722.56 567.435 4186.25 440.12 3501.62 456.004 684.638
internal_count=29802 28105 27742 27172 27117 363 1697 267 1311 570 386
is_linear=0
shrinkage=0.15449


Tree=5
num_leaves=15
num_cat=0
split_feature=7 4 0 1 2 1 2 1 4 1 0 0 0 2
split_gain=5344.6 1319.02 858.147 593.919 417.079 27.73 24.9485 21.5982 15.5018 11.186 12.041 4.07774 0.266757 0.00308211
threshold=1.0000000180025095e-35 1.0000000180025095e-35 1.0000000180025095e-35 1.0000000180025095e-35 1.0000000180025095e-35 1.0000000180025095e-35 1.0000000180025095e-35 1.0000000180025095e-35 1.0000000180025095e-35 1.0000000180025095e-35 1.0000000180025095e-35 1.0000000180025095e-35 1.0000000180025095e-35 1.0000000180025095e-35
decision_type=2 2 2 2 2 2 2 2 2 2 2 2 2 2
left_child=1 2 3 4 -1 13 7 -3 9 10 -2 -11 -10 -4
right_child=8 6 5 -5 -6 -7 -8 -9 12 11 -12 -13 -14 -15
leaf_value=-0.10902088610847802 0.1616760039150979 0.20810303262267923 0.15218614443926845 0.12068941685975543 0.18257200854344105 0.072182468597986882 0.10206048484058448 0.13644086141706327 0.12592102684026735 0.11738996253753471 0.12768003142709852 0.15016980987350217 0.13221687739732338 0.15097861333760451
leaf_weight=7179.9203671365976 2590.9230230301619 268.92719668149948 225.38194544613361 291.29461452364922 119.01652611792088 162.28778451681137 121.5248056948185 160.15884986519814 341.37928687036037 231.51484656333923 275.0613879263401 148.78340002894402 303.35746239125729 64.998494222760201
leaf_count=26883 924 172 364 247 42 168 96 95 210 156 161 70 176 38
internal_value=0 -0.0674728 -0.0833093 -0.0956329 -0.104266 0.12333 0.163854 0.181355 0.150764 0.15511 0.158413 0.130214 0.128883 0.151916
internal_weight=0 8593.51 8042.9 7590.23 7298.94 452.668 550.611 429.086 3891.02 3246.28 2865.98 380.298 644.737 290.38
internal_count=29802 28105 27742 27172 26925 570 363 267 1697 1311 1085 226 386 402
is_linear=0
shrinkage=0.15449


end of trees

feature_importances:
Male=17
Fever=13
Sore_throat=12
Cough=8
Headache=6
Contact_with_confirmed=6
Shortness_of_breath=5

parameters:
[boosting: gbdt]
[objective: binary]
[metric: auc]
[tree_learner: serial]
[device_type: cpu]
[linear_tree: 0]
[data: ]
[valid: ]
[num_iterations: 604]
[learning_rate: 0.15449]
[num_leaves: 74]
[num_threads: 0]
[deterministic: 0]
[force_col_wise: 0]
[force_row_wise: 0]
[histogram_pool_size: -1]
[max_depth: 8]
[min_data_in_leaf: 79]
[min_sum_hessian_in_leaf: 6.88129]
[bagging_fraction: 0.826386]
[pos_bagging_fraction: 1]
[neg_bagging_fraction: 1]
[bagging_freq: 0]
[bagging_seed: 3]
[feature_fraction: 0.779429]
[feature_fraction_bynode: 1]
[feature_fraction_seed: 2]
[extra_trees: 0]
[extra_seed: 6]
[early_stopping_round: 50]
[first_metric_only: 0]
[max_delta_step: 0]
[lambda_l1: 0]
[lambda_l2: 0]
[linear_lambda: 0]
[min_gain_to_split: 0]
[drop_rate: 0.1]
[max_drop: 50]
[skip_drop: 0.5]
[xgboost_dart_mode: 0]
[uniform_drop: 0]
[drop_seed: 4]
[top_rate: 0.2]
[other_rate: 0.1]
[min_data_per_group: 100]
[max_cat_threshold: 32]
[cat_l2: 10]
[cat_smooth: 10]
[max_cat_to_onehot: 4]
[top_k: 20]
[monotone_constraints: ]
[monotone_constraints_method: basic]
[monotone_penalty: 0]
[feature_contri: ]
[forcedsplits_filename: ]
[refit_decay_rate: 0.9]
[cegb_tradeoff: 1]
[cegb_penalty_split: 0]
[cegb_penalty_feature_lazy: ]
[cegb_penalty_feature_coupled: ]
[path_smooth: 0]
[interaction_constraints: ]
[verbosity: -1]
[saved_feature_importance_type: 0]
[max_bin: 85]
[max_bin_by_feature: ]
[min_data_in_bin: 3]
[bin_construct_sample_cnt: 200000]
[data_random_seed: 1]
[is_enable_sparse: 1]
[enable_bundle: 1]
[use_missing: 1]
[zero_as_missing: 0]
[feature_pre_filter: 1]
[pre_partition: 0]
[two_round: 0]
[header: 0]
[label_column: ]
[weight_column: ]
[group_column: ]
[ignore_column: ]
[categorical_feature: ]
[forcedbins_filename: ]
[objective_seed: 5]
[num_class: 1]
[is_unbalance: 1]
[scale_pos_weight: 1]
[sigmoid: 1]
[boost_from_average: 0]
[reg_sqrt: 0]
[alpha: 0.9]
[fair_c: 1]
[poisson_max_delta_step: 0.7]
[tweedie_variance_power: 1.5]
[lambdarank_truncation_level: 30]
[lambdarank_norm: 1]
[label_gain: ]
[eval_at: ]
[multi_error_top_k: 1]
[auc_mu_weights: ]
[num_machines: 1]
[local_listen_port: 12400]
[time_out: 120]
[machine_list_filename: ]
[machines: ]
[gpu_platform_id: -1]
[gpu_device_id: -1]
[gpu_use_dp: 0]
[num_gpu: 1]

end of parameters

pandas_categorical:[]
