tree
version=v3
num_class=1
num_tree_per_iteration=1
label_index=0
max_feature_idx=7
objective=binary sigmoid:1
feature_names=Cough Fever Sore_throat Shortness_of_breath Headache Age_60+ Male Contact_with_confirmed
feature_infos=[0:1] [0:1] [0:1] [0:1] [0:1] [0:1] [0:1] [0:1]
tree_sizes=4082 4072 4079 4051 4074 4064 4094 4093 4103 4115 4140 4151 4143 4165 4190 4174 4230

Tree=0
num_leaves=37
num_cat=0
split_feature=7 4 0 1 2 5 5 2 5 5 2 1 4 5 6 5 0 5 1 1 2 5 1 6 1 6 6 2 1 6 0 6 5 2 2 2
split_gain=139705 55422.4 31222.9 20388.9 6025.75 517.588 404.35 231.953 84.1602 75.5555 55.4872 42.5781 39.3646 26.2826 22.3421 15.5262 12.2498 12.0399 11.396 10.7688 8.91247 8.43067 7.55809 6.37959 11.1111 5.02614 4.60149 4.3187 2.89189 3.69352 2.61974 2.38357 2.37068 2.20274 1.97006 1.67509
threshold=1.0000000180025095e-35 1.0000000180025095e-35 1.0000000180025095e-35 1.0000000180025095e-35 1.0000000180025095e-35 inf 1.0000000180025095e-35 1.0000000180025095e-35 1.0000000180025095e-35 1.0000000180025095e-35 1.0000000180025095e-35 1.0000000180025095e-35 1.0000000180025095e-35 1.0000000180025095e-35 1.0000000180025095e-35 1.0000000180025095e-35 1.0000000180025095e-35 1.0000000180025095e-35 1.0000000180025095e-35 1.0000000180025095e-35 1.0000000180025095e-35 1.0000000180025095e-35 1.0000000180025095e-35 1.0000000180025095e-35 1.0000000180025095e-35 1.0000000180025095e-35 1.0000000180025095e-35 1.0000000180025095e-35 1.0000000180025095e-35 1.0000000180025095e-35 1.0000000180025095e-35 1.0000000180025095e-35 1.0000000180025095e-35 1.0000000180025095e-35 1.0000000180025095e-35 1.0000000180025095e-35
decision_type=2 2 2 2 2 8 8 2 8 10 2 2 2 8 2 10 2 8 2 2 2 10 2 2 2 2 2 2 2 2 2 2 10 2 2 2
left_child=1 2 3 4 5 9 7 11 10 14 31 -4 13 20 -1 -14 19 22 21 34 23 -8 -3 -2 30 -13 32 -23 29 -9 -25 -5 -10 -20 -15 -24
right_child=12 17 6 8 -6 -7 18 28 26 -11 -12 25 15 16 -16 -17 -18 -19 33 -21 -22 27 35 24 -26 -27 -28 -29 -30 -31 -32 -33 -34 -35 -36 -37
leaf_value=-0.34125910251459712 0.50486210898330131 0.53007646298039746 0.30007983631469526 0.38313399059661607 0.51546118914354899 -0.23499274357646519 0.43888606540766412 0.47282489420525614 0.44306340846972769 -0.36072560627800876 0.53877634822820142 0.34550661254942433 0.52459004307737001 0.50806682810532977 -0.33004964416900578 0.56791572598818496 0.55390342579839436 0.56738888059064818 0.54159930683739554 0.56178605502149304 0.52265145526086043 0.5030038033049411 0.5542899476179286 0.48849077786744471 0.51993528641520037 0.38654200572040032 0.53772821086127953 0.56494390228491809 0.54380174379955482 0.53063273640896369 0.50399237205462299 0.40331096781081377 0.50523762464175159 0.58973436596537687 0.54677511649895394 0.53570500908927166
leaf_weight=31926.534876823425 11031.658677101135 4775.6733074188232 2719.7367315292358 987.97469520568848 769.26223087310791 4553.1744747161865 179.07494163513184 202.33743190765381 69.36247730255127 13084.111504554749 272.37490272521973 458.92486381530762 8126.8471336364746 2435.0866537094116 33005.797172546387 832.22469520568848 1164.8745784759521 1443.7619714736938 516.23731517791748 427.19984436035156 1685.2619066238403 937.24967575073242 2051.2867574691772 7711.5473670959473 1347.7745265960693 670.34979248046875 517.98731517791748 115.38745784759521 235.02491569519043 201.17492866516113 1142.4246044158936 1163.8871335983276 289.96239948272705 104.29996109008789 126.22495460510254 564.4247989654541
leaf_count=100726 4807 1694 2975 817 309 12810 116 109 44 42098 89 435 3026 1036 102942 194 324 339 164 108 638 414 568 3766 522 547 171 28 73 71 501 887 126 17 38 190
internal_value=0 -0.180927 -0.249635 -0.296992 -0.326162 -0.334003 0.397547 0.34853 0.439325 -0.339782 0.410308 0.320555 0.511256 0.505512 -0.335561 0.528615 0.527624 0.542155 0.516304 0.517381 0.501505 0.499484 0.537226 0.499826 0.494381 0.369866 0.519505 0.509794 0.517162 0.501646 0.490491 0.394047 0.493236 0.54969 0.509974 0.55028
internal_weight=0 101815 92980.2 86640.4 83338.9 82569.6 6339.8 4487.55 3301.55 78016.4 2424.24 3849.01 36031.1 27072.1 64932.3 8959.07 4153.39 8835.15 1852.25 2988.51 22918.7 1231.71 7391.38 21233.4 10201.7 1129.27 877.312 1052.64 638.537 403.512 8853.97 2151.86 359.325 620.537 2561.31 2615.71
internal_count=283719 268759 265968 261019 258885 258576 4949 4210 2134 245766 1793 3957 14960 11740 203668 3220 1506 2791 739 1182 10234 558 2452 9596 4789 982 341 442 253 180 4267 1704 170 181 1074 758
is_linear=0
shrinkage=0.302109


Tree=1
num_leaves=37
num_cat=0
split_feature=7 4 1 2 3 5 5 2 3 5 4 5 6 4 6 2 3 2 1 5 1 6 5 1 2 5 5 3 6 3 6 5 6 6 6 2
split_gain=73064.8 28837.9 14991.2 4874.18 3689.59 262.424 120.924 75.2081 51.1348 27.5137 23.5308 8.7975 8.24859 6.83543 6.55732 6.01423 8.10949 5.46888 5.45328 4.98497 4.65487 6.06473 4.41739 4.25676 3.36462 3.01956 2.87652 2.54873 2.5407 2.39226 2.27447 2.25337 2.70407 2.19727 1.80164 4.6476
threshold=1.0000000180025095e-35 1.0000000180025095e-35 1.0000000180025095e-35 1.0000000180025095e-35 1.0000000180025095e-35 inf 1.0000000180025095e-35 1.0000000180025095e-35 1.0000000180025095e-35 1.0000000180025095e-35 1.0000000180025095e-35 1.0000000180025095e-35 1.0000000180025095e-35 1.0000000180025095e-35 1.0000000180025095e-35 1.0000000180025095e-35 1.0000000180025095e-35 1.0000000180025095e-35 1.0000000180025095e-35 1.0000000180025095e-35 1.0000000180025095e-35 1.0000000180025095e-35 1.0000000180025095e-35 1.0000000180025095e-35 1.0000000180025095e-35 1.0000000180025095e-35 1.0000000180025095e-35 1.0000000180025095e-35 1.0000000180025095e-35 1.0000000180025095e-35 1.0000000180025095e-35 1.0000000180025095e-35 1.0000000180025095e-35 1.0000000180025095e-35 1.0000000180025095e-35 1.0000000180025095e-35
decision_type=2 2 2 2 2 8 8 2 2 10 2 8 2 2 2 2 2 2 2 10 2 2 8 2 2 10 8 2 2 2 2 8 2 2 2 2
left_child=1 2 3 4 5 12 7 8 14 10 15 18 -1 23 -4 16 20 19 27 -8 21 -2 -5 24 28 -14 -23 34 29 -11 -21 32 -22 -6 35 -3
right_child=9 11 6 22 33 -7 17 -9 -10 13 -12 -13 25 -15 -16 -17 -18 -19 -20 30 31 26 -24 -25 -26 -27 -28 -29 -30 -31 -32 -33 -34 -35 -36 -37
leaf_value=-0.2310119192829411 0.37765884504822506 0.41077503776053292 0.25629211826406356 0.37946429632634038 0.56557580725580647 -0.15384003441516145 0.35353299728759641 0.41012167903680297 0.45453005539762042 0.39956024904593412 0.39566371963084584 0.43353270577297986 -0.22364192306525824 0.43400715129187895 0.28471242112266787 0.39385041175678653 0.41999778799995141 0.45451170299505367 0.41824377064639079 0.38813413177133627 0.37254970162393275 0.36541317554351205 0.42442533959663103 0.4261593627491726 0.43955359682645068 -0.23061133970222014 0.39227758841193094 0.4261636898698874 0.38220719541719339 0.45913893283094598 0.41686141476000887 0.42963442885770003 0.3939671642195689 0.60518412410602229 0.39098040643646187 0.37853899149172926
leaf_weight=38738.41719032824 9537.6672818511724 1878.8263106644154 1312.1024140715599 972.25806401669979 296.06535087525845 4627.0974575132132 214.54304012656212 471.99840724468231 147.48406149446964 1208.7250580191612 7592.4097339510918 1333.5260927677155 33262.372365191579 768.56968951225281 1702.2296623438597 1634.950332030654 356.44008156657219 161.49071580171585 2427.2502266317606 449.95415557920933 944.86433482170105 8233.3536435514688 250.91398651897907 545.13813881576061 155.82248082756996 6840.7179509848356 380.59664635360241 325.973110049963 993.25109960138798 64.809008255600929 570.46241557598114 107.0440339744091 1249.5676807314157 224.9617969840765 1729.0113958567381 521.50100745260715
leaf_count=122934 4454 652 1230 446 88 12917 116 162 44 469 3026 339 104333 194 1412 662 118 31 758 191 457 4238 76 154 38 21743 158 97 443 12 184 29 508 61 710 235
internal_value=0 -0.130791 -0.180125 -0.210042 -0.218761 -0.223764 0.326669 0.297632 0.28084 0.384166 0.381125 0.411074 -0.227868 0.408615 0.272341 0.376207 0.374821 0.40223 0.406723 0.395393 0.374034 0.372411 0.388687 0.402039 0.396612 -0.224831 0.3666 0.400446 0.39366 0.402592 0.404194 0.386833 0.384745 0.582677 0.398416 0.403771
internal_weight=0 98459.2 90243.1 85212.8 83989.6 83468.6 5030.26 3633.81 3161.82 33773.2 30036.9 8216.09 78841.5 3736.32 3014.33 22444.5 20809.5 1396.45 6882.56 1234.96 20453.1 18151.6 1223.17 2967.75 2422.61 40103.1 8613.95 4455.31 2266.79 1273.53 1020.42 2301.48 2194.43 521.027 4129.34 2400.33
internal_count=283719 268759 265968 262598 262076 261927 3370 2848 2686 14960 13650 2791 249010 1310 2642 10624 9962 522 2452 491 9844 8850 522 1116 962 126076 4396 1694 924 481 375 994 965 149 1597 887
is_linear=0
shrinkage=0.302109


Tree=2
num_leaves=37
num_cat=0
split_feature=7 0 1 2 3 5 5 5 3 5 2 2 5 1 2 3 0 1 6 5 2 1 1 3 1 6 0 6 6 6 5 6 2 5 5 6
split_gain=41349.3 17573.7 8869.59 2838.49 1782.66 178.103 161.038 87.2161 38.1791 26.566 25.7228 24.8983 18.2584 15.029 9.50569 8.56649 7.39131 6.11923 5.55552 4.98992 5.32809 4.57041 4.27101 3.74296 3.72737 5.74422 5.41121 4.1122 3.17407 2.34655 2.13399 1.92063 1.79029 2.57179 1.4424 1.41421
threshold=1.0000000180025095e-35 1.0000000180025095e-35 1.0000000180025095e-35 1.0000000180025095e-35 1.0000000180025095e-35 1.0000000180025095e-35 inf 1.0000000180025095e-35 1.0000000180025095e-35 1.0000000180025095e-35 1.0000000180025095e-35 1.0000000180025095e-35 1.0000000180025095e-35 1.0000000180025095e-35 1.0000000180025095e-35 1.0000000180025095e-35 1.0000000180025095e-35 1.0000000180025095e-35 1.0000000180025095e-35 1.0000000180025095e-35 1.0000000180025095e-35 1.0000000180025095e-35 1.0000000180025095e-35 1.0000000180025095e-35 1.0000000180025095e-35 1.0000000180025095e-35 1.0000000180025095e-35 1.0000000180025095e-35 1.0000000180025095e-35 1.0000000180025095e-35 1.0000000180025095e-35 1.0000000180025095e-35 1.0000000180025095e-35 1.0000000180025095e-35 1.0000000180025095e-35 1.0000000180025095e-35
decision_type=2 2 2 2 2 8 8 10 2 10 2 2 8 2 2 2 2 2 2 10 2 2 2 2 2 2 2 2 2 2 8 2 2 10 8 2
left_child=1 2 3 4 6 8 7 29 11 14 12 13 23 31 15 24 21 19 34 -7 -21 35 -17 -4 25 -2 -26 -28 -14 -1 -27 -3 33 -19 -16 -11
right_child=9 5 10 -5 -6 17 -8 -9 -10 16 -12 -13 28 -15 18 22 -18 32 -20 20 -22 -23 -24 -25 26 30 27 -29 -30 -31 -32 -33 -34 -35 -36 -37
leaf_value=-0.17262143985635048 0.30979070728656677 0.28544804873348884 0.26594516542120367 0.31939224995740245 0.45761103523960067 0.35586919179516369 -0.11626672881335001 -0.19871202220813816 0.35845344182018912 0.3297495375918838 0.35133822798191539 0.3189074861317085 0.29712171906286838 0.24244927802310504 0.33173510262128497 0.35878385316184375 0.35888770835041772 0.29436175580523261 0.30543449897315356 0.40852878007984172 0.33997440788072397 0.36058582079869961 0.28697852986145594 0.33410548176213467 0.32519791403587578 0.29843334417753653 0.27792733695343336 0.31532832653128801 0.33598445268461818 -0.16889669896101864 0.32162894143393883 0.27114279910405181 0.38938411620748548 0.35980060687142956 0.36999729525349212 0.31272942242818574
leaf_weight=30396.565476760268 10629.65580740571 1881.6717385947704 2855.7500132620335 1102.7842665910721 412.63856726884842 256.19885520637035 4466.9786453992128 12169.242274537683 577.67626164853573 1016.3782921880484 504.89110891520977 1069.5640201419592 332.31845410168171 1468.3942119330168 2126.3488822579384 423.68243373930454 1086.2787562161684 61.248939320445061 920.10339649021626 1120.7210475504398 113.99816900491714 337.43171219527721 92.025204166769981 75.475743070244789 2088.3444067537785 8594.6420738697052 477.64645020663738 612.19909827411175 453.66363202035427 31366.91426974535 377.91598965227604 1572.4267293959856 155.77291470766068 521.70588970184326 93.894281193614006 793.37203481793404
leaf_count=101117 5473 1740 2015 526 115 140 12841 42136 202 445 182 510 184 1153 925 147 359 34 478 482 44 108 53 33 960 4815 293 299 187 103317 178 1594 34 173 29 398
internal_value=0 -0.096908 -0.139393 -0.161939 -0.168674 0.309319 -0.17197 -0.175336 0.28428 0.312732 0.287355 0.277129 0.278664 0.268052 0.30957 0.307467 0.33858 0.383097 0.325173 0.394238 0.402199 0.328307 0.345971 0.2677 0.306595 0.305039 0.316193 0.298937 0.319553 -0.17073 0.29941 0.278936 0.360613 0.352925 0.333353 0.322288
internal_weight=0 92936.6 84137.2 79915.1 78812.3 8799.38 78399.7 73932.7 6569.73 29669.9 4222.1 5992.06 3717.21 4922.49 26436.5 23296.1 3233.46 2229.65 3140.35 1490.92 1234.72 2147.18 515.708 2931.23 22780.4 19602.2 3178.19 1089.85 785.982 61763.5 8972.56 3454.1 738.728 582.955 2220.24 1809.75
internal_count=283719 268759 262653 260052 259526 6106 259411 246570 5199 14960 2601 4997 2419 4487 13650 12218 1310 907 1432 666 526 951 200 2048 12018 10466 1552 592 371 204434 4993 3334 241 207 954 843
is_linear=0
shrinkage=0.302109


Tree=3
num_leaves=37
num_cat=0
split_feature=7 4 1 2 3 5 5 2 3 4 2 5 5 1 2 2 3 6 6 5 1 5 5 1 6 2 6 5 6 3 5 6 1 5 6 6
split_gain=24063.9 12191 4226.7 1509.81 1117.52 106.969 102.866 65.1936 35.5363 32.8337 32.1251 17.9389 13.1779 6.10488 6.04884 6.01131 6.6585 5.90601 5.53054 4.96509 4.9609 4.86919 4.67324 4.5611 5.65115 4.0788 3.45068 2.99596 2.80661 2.66081 2.6124 2.56021 2.78965 2.54436 2.36604 2.03502
threshold=1.0000000180025095e-35 1.0000000180025095e-35 1.0000000180025095e-35 1.0000000180025095e-35 1.0000000180025095e-35 1.0000000180025095e-35 inf 1.0000000180025095e-35 1.0000000180025095e-35 1.0000000180025095e-35 1.0000000180025095e-35 1.0000000180025095e-35 1.0000000180025095e-35 1.0000000180025095e-35 1.0000000180025095e-35 1.0000000180025095e-35 1.0000000180025095e-35 1.0000000180025095e-35 1.0000000180025095e-35 1.0000000180025095e-35 1.0000000180025095e-35 1.0000000180025095e-35 1.0000000180025095e-35 1.0000000180025095e-35 1.0000000180025095e-35 1.0000000180025095e-35 1.0000000180025095e-35 1.0000000180025095e-35 1.0000000180025095e-35 1.0000000180025095e-35 1.0000000180025095e-35 1.0000000180025095e-35 1.0000000180025095e-35 1.0000000180025095e-35 1.0000000180025095e-35 1.0000000180025095e-35
decision_type=2 2 2 2 2 8 8 2 2 2 2 10 10 2 2 2 2 2 2 10 2 8 8 2 2 2 2 8 2 2 8 2 2 8 2 2
left_child=1 2 3 4 6 7 17 8 18 11 13 15 -11 22 19 16 23 -1 -4 35 25 -5 26 24 -2 29 -3 28 -25 -13 -26 32 -12 -34 -21 -7
right_child=9 10 5 21 -6 14 -8 -9 -10 12 31 20 -14 -15 -16 -17 -18 -19 -20 34 -22 -23 -24 27 30 -27 -28 -29 -30 -31 -32 -33 33 -35 -36 -37
leaf_value=-0.13297845437765421 0.25351791113592242 0.3451207706090399 0.1295230303088882 0.2544198312598544 0.36376809644388214 0.1811190773719531 -0.082591980976473287 0.29239465750263527 0.32084212012999463 0.27608437460433127 0.25640490115252268 0.2681815446712919 0.32525895614019801 0.31935944695219376 0.34806028750003543 0.27232940635408015 0.29829436849169488 -0.1274730172901099 0.15785316854904208 0.26517860823075584 0.31202388894065003 0.30955393206749537 0.36527659274985047 0.24723942712365468 0.24006350799159762 0.33034943344323836 0.32424383195046158 0.32209679332905133 0.27234790282185972 0.33080433992327363 0.26963989383379461 0.29772109180716333 0.27899561740934886 0.34841934100284394 0.29933353045040068 0.25116944634525235
leaf_weight=34886.909132733941 7257.3759046941996 1742.9093590676785 1122.4275276064873 734.11684115231037 425.16473810374737 59.03822249174118 4403.7693409770727 343.99857246875763 109.90614780783653 5676.8219253122807 489.79273265600204 1618.2840386033058 545.14861515164375 1675.2504283636808 111.59985622763634 1217.4106770455837 259.55302990972996 36277.399589180946 1430.4109047055244 335.96360225975513 386.25321736931801 182.55345925688744 621.00713929533958 720.05309396982193 6370.4117659181356 111.07913194596767 1234.351022824645 77.73307178914547 932.54961322247982 64.390345886349678 284.75165188312531 514.001070946455 222.1585088968277 61.526622414588928 412.27985370159149 105.46993890404701
leaf_count=122934 4454 694 1230 446 149 51 12917 162 44 3026 291 902 194 655 31 662 118 126076 1412 191 154 76 189 457 4238 38 596 29 508 22 158 235 114 17 184 65
internal_value=0 -0.072092 -0.104197 -0.120002 -0.124651 0.197353 -0.127399 0.168628 0.152639 0.261308 0.323979 0.255156 0.280393 0.334424 0.281668 0.251869 0.250303 -0.130172 0.145397 0.27355 0.280967 0.2654 0.341438 0.249507 0.247687 0.274279 0.336465 0.264134 0.261408 0.270578 0.241329 0.281195 0.270213 0.294052 0.283998 0.22603
internal_weight=0 87502 80941 76909.9 75993.2 4031.09 75568.1 3006.74 2662.74 25521.8 6561 19299.8 6221.97 5273.52 1024.35 17119.8 15902.4 71164.3 2552.84 912.752 2180.01 916.67 3598.27 15642.9 13912.5 1793.75 2977.26 1730.34 1652.6 1682.67 6655.16 1287.48 773.478 283.685 748.243 164.508
internal_count=283719 268759 265968 262598 262076 3370 261927 2848 2686 14960 2791 11740 3220 2134 522 10624 9962 249010 2642 491 1116 522 1479 9844 8850 962 1290 994 965 924 4396 657 422 131 375 116
is_linear=0
shrinkage=0.302109


Tree=4
num_leaves=37
num_cat=0
split_feature=7 0 4 1 2 3 5 5 5 5 4 1 2 4 3 2 5 2 5 0 1 4 5 1 1 5 2 3 3 1 0 2 2 0 1 5
split_gain=14056 7337.8 5606.7 1694.7 559.068 515.402 163.614 78.4991 41.2255 34.8354 32.9583 81.1568 33.0665 31.0852 28.348 22.5971 17.5743 15.2813 14.0242 10.7371 9.80577 11.4544 7.46323 7.0257 6.44009 6.63007 5.73907 6.33176 4.91693 4.31289 7.33337 3.25362 3.08233 2.5634 2.69695 2.62378
threshold=1.0000000180025095e-35 1.0000000180025095e-35 1.0000000180025095e-35 1.0000000180025095e-35 1.0000000180025095e-35 1.0000000180025095e-35 1.0000000180025095e-35 inf 1.0000000180025095e-35 1.0000000180025095e-35 1.0000000180025095e-35 1.0000000180025095e-35 1.0000000180025095e-35 1.0000000180025095e-35 1.0000000180025095e-35 1.0000000180025095e-35 1.0000000180025095e-35 1.0000000180025095e-35 1.0000000180025095e-35 1.0000000180025095e-35 1.0000000180025095e-35 1.0000000180025095e-35 1.0000000180025095e-35 1.0000000180025095e-35 1.0000000180025095e-35 1.0000000180025095e-35 1.0000000180025095e-35 1.0000000180025095e-35 1.0000000180025095e-35 1.0000000180025095e-35 1.0000000180025095e-35 1.0000000180025095e-35 1.0000000180025095e-35 1.0000000180025095e-35 1.0000000180025095e-35 1.0000000180025095e-35
decision_type=2 2 2 2 2 2 8 8 10 8 2 2 2 2 2 2 10 2 10 2 2 2 10 2 2 10 2 2 2 2 2 2 2 2 2 8
left_child=1 2 3 4 5 7 10 8 -1 15 11 -3 14 16 -13 28 26 24 33 23 21 22 -8 -18 25 -4 27 29 -5 -2 -31 -11 -24 34 -15 -35
right_child=13 6 17 9 -6 -7 20 -9 -10 31 -12 12 -14 18 -16 -17 19 -19 -20 -21 -22 -23 32 -25 -26 -27 -28 -29 -30 30 -32 -33 -34 35 -36 -37
leaf_value=-0.11077657604520649 0.20481661936932902 0.22059491265787623 0.30552108445621068 0.12322733884114995 0.22306286137952674 0.33955525068213094 0.28231664714576965 -0.071367202620273143 -0.13139188277659886 0.21849415086632595 0.24553956690699832 0.083639294409827439 0.25962732340260136 0.24503397926614656 0.30197933007181232 0.24706896327769998 0.21672726893315888 0.24581346485424874 0.29068432814694967 0.27669389422555218 0.28010315892011267 0.26496974074994795 0.35804309353885455 0.28007642359599155 0.27991304776109371 0.35869617845422103 0.23084924134289583 0.25879800622045623 0.2412177610788154 0.237228805333524 0.192243654006543 0.31088186080909458 0.28867380446866586 0.2234414810186377 0.22313764441972583 0.27972422821519294
leaf_weight=54016.583366304636 12077.185064285994 2864.7263194024563 1901.0187205821276 1589.244642868638 462.93326944112778 231.92749254405499 159.61218538880348 4165.5974313914776 10589.020505443215 479.54001924395561 1677.2512839287519 798.95660102367401 134.42727965116501 2275.3814561218023 58.228123903274536 153.01837761700153 1121.2265145331621 502.07292550802231 443.11237326264381 531.06173954904079 507.32573928683996 207.9201333001256 837.27477397024632 186.33926409482956 812.07267925143242 241.15457266569138 1034.8917441517115 216.34355066716671 32.90226574242115 982.74466598033905 498.52125950157642 37.512287616729736 62.849907532334328 1799.8884134888649 662.99334080517292 78.910866022109985
leaf_count=203611 8850 3155 883 1684 309 85 116 12807 42073 327 989 958 73 1353 24 89 770 296 194 258 241 108 414 88 388 67 662 118 20 611 383 14 28 1195 440 38
internal_value=0 -0.0532098 -0.0812915 -0.0993939 -0.107828 -0.110047 0.235787 -0.111564 -0.114155 0.156189 0.210186 0.19481 0.120318 0.219007 0.098471 0.136089 0.21261 0.294541 0.239252 0.240468 0.315598 0.329803 0.342523 0.225755 0.302823 0.311507 0.209152 0.207522 0.125621 0.206704 0.222089 0.225197 0.353199 0.234521 0.240093 0.225805
internal_weight=0 82523.2 75214.6 71758.3 69466.1 69003.1 7308.57 68771.2 64605.6 2292.22 5533.59 3856.34 991.612 21908.6 857.185 1775.17 16648.3 3456.32 5260.29 1838.63 1774.98 1267.66 1059.74 1307.57 2954.25 2142.17 14809.7 13774.8 1622.15 13558.5 1481.27 517.052 900.125 4817.17 2938.37 1878.8
internal_count=283719 268759 262653 261019 258885 258576 6106 258491 245684 2134 5199 4210 1055 14960 982 1793 11740 1634 3220 1116 907 666 558 858 1338 950 10624 9962 1704 9844 994 341 442 3026 1793 1233
is_linear=0
shrinkage=0.302109


Tree=5
num_leaves=37
num_cat=0
split_feature=7 4 0 2 3 5 5 4 2 5 5 5 3 0 6 0 2 5 2 3 5 5 6 5 5 5 6 2 6 6 0 0 5 5 0 5
split_gain=8165.57 4217.03 3093.7 451.906 331.543 149.886 44.6203 28.2336 17.4458 16.2621 15.8726 14.2926 12.5748 12.1456 11.7208 10.2479 8.54658 6.686 5.17044 5.77948 4.87203 3.9942 3.17414 3.34553 3.01871 2.96666 3.02905 2.87755 2.83781 2.69174 2.43628 2.22507 7.52918 3.29866 2.21957 2.35663
threshold=1.0000000180025095e-35 1.0000000180025095e-35 1.0000000180025095e-35 1.0000000180025095e-35 1.0000000180025095e-35 1.0000000180025095e-35 inf 1.0000000180025095e-35 1.0000000180025095e-35 1.0000000180025095e-35 1.0000000180025095e-35 1.0000000180025095e-35 1.0000000180025095e-35 1.0000000180025095e-35 1.0000000180025095e-35 1.0000000180025095e-35 1.0000000180025095e-35 1.0000000180025095e-35 1.0000000180025095e-35 1.0000000180025095e-35 1.0000000180025095e-35 1.0000000180025095e-35 1.0000000180025095e-35 1.0000000180025095e-35 1.0000000180025095e-35 inf 1.0000000180025095e-35 1.0000000180025095e-35 1.0000000180025095e-35 1.0000000180025095e-35 1.0000000180025095e-35 1.0000000180025095e-35 1.0000000180025095e-35 1.0000000180025095e-35 1.0000000180025095e-35 1.0000000180025095e-35
decision_type=2 2 2 2 2 8 8 2 2 10 10 10 2 2 2 2 2 10 2 2 8 8 2 8 10 8 2 2 2 2 2 2 8 8 2 8
left_child=1 2 3 4 6 12 10 9 13 18 14 34 16 20 -1 27 -4 -7 19 22 29 28 31 -24 -5 26 -10 -11 -15 -3 -21 33 -33 -2 -9 -36
right_child=7 8 5 24 -6 17 -8 11 25 15 -12 -13 -14 21 -16 -17 -18 -19 -20 30 -22 -23 23 -25 -26 -27 -28 -29 -30 -31 -32 32 -34 -35 35 -37
leaf_value=-0.081575065151471851 0.17804681787342386 0.26719007501382863 0.13691306775802417 0.1883471444745666 0.28323029574864278 0.21396086093833669 -0.046816323428244558 0.20331921688005147 0.18490435971947225 0.185721393187535 -0.089939912267919697 0.26049892268858327 0.23548874563784514 0.23032575122132176 -0.072586736674972355 0.24364782176219038 0.18894542568454636 0.27691931944970077 0.19403038297090941 0.17756905137617623 0.29602042254039584 0.26045890291221879 0.16276487590881694 0.19942341767827934 0.25341487967095344 0.27709327950314333 0.22127215238598882 0.25766857125885961 0.19727386413958853 0.24565873317414821 0.25034350412491213 0.15381289079710794 0.26881415738458253 0.13546233935317187 0.18658408025976142 0.24520952737099844
leaf_weight=25833.452144116163 4949.8055087327957 1121.7850788235664 3203.8710067123175 482.97406621277332 233.89225685596466 180.88070680201054 4171.4185749143362 2500.5900260731578 518.69470790028572 1069.9577856883407 10279.1156463027 359.44407173246145 135.17311955988407 592.84158601611853 27164.440692424774 437.23961003869772 316.58901424705982 1034.0748771503568 886.27283059805632 66.222054198384285 338.92528676986694 241.36775863170624 5572.8458062559366 236.87465123832226 75.208845287561417 47.504705771803856 350.11557939648628 53.262289769947529 395.10248962044716 1004.406613342464 114.71510592848063 880.64615754783154 55.217838495969772 171.782046854496 1549.9104786664248 65.214629620313644
leaf_count=101495 3962 592 3885 370 112 145 12895 1793 403 829 42305 194 83 374 103800 258 242 594 662 53 145 131 4746 173 42 23 231 29 291 601 65 774 28 161 1195 38
internal_value=0 -0.0393275 -0.0569997 -0.0736024 -0.075835 0.175617 -0.0770802 0.181751 0.240894 0.175275 -0.0790753 0.202726 0.145064 0.250149 -0.076968 0.204408 0.141592 0.267546 0.17176 0.170122 0.262381 0.225619 0.169305 0.16426 0.197114 0.20358 0.19956 0.189133 0.217108 0.257019 0.223708 0.174143 0.160598 0.176619 0.197681 0.188951
internal_weight=0 77721.8 73111.1 68240.5 67682.3 4870.59 67448.4 18970 4610.74 14494.8 63277 4475.16 3655.63 3694.43 52997.9 1560.46 3520.46 1214.96 12934.4 12048.1 2465.12 1229.31 11867.2 5809.72 558.183 916.315 868.81 1123.22 987.944 2126.19 180.937 6057.45 935.864 5121.59 4115.72 1615.13
internal_count=283719 268759 265968 261019 260607 4949 260495 14960 2791 11740 247600 3220 4210 2134 205295 1116 4127 739 10624 9962 1338 796 9844 4919 412 657 634 858 665 1193 118 4925 802 4123 3026 1233
is_linear=0
shrinkage=0.302109


Tree=6
num_leaves=37
num_cat=0
split_feature=7 4 0 1 3 2 1 2 4 3 2 1 6 0 1 6 0 3 2 2 6 6 6 6 0 3 6 2 6 1 3 0 6 2 1 2
split_gain=4659.47 2479.39 1644.09 858.719 179.134 170.541 42.5461 30.8334 23.9746 19.7665 14.117 9.35935 12.2724 8.68033 7.48353 7.39463 6.34042 6.32115 6.87506 6.321 6.26379 4.71157 3.71077 3.70301 3.30514 3.13823 2.87172 5.28357 2.5217 3.95451 3.69419 2.71216 2.39466 2.83698 2.29247 2.07928
threshold=1.0000000180025095e-35 1.0000000180025095e-35 1.0000000180025095e-35 1.0000000180025095e-35 1.0000000180025095e-35 1.0000000180025095e-35 1.0000000180025095e-35 1.0000000180025095e-35 1.0000000180025095e-35 1.0000000180025095e-35 1.0000000180025095e-35 1.0000000180025095e-35 1.0000000180025095e-35 1.0000000180025095e-35 1.0000000180025095e-35 1.0000000180025095e-35 1.0000000180025095e-35 1.0000000180025095e-35 1.0000000180025095e-35 1.0000000180025095e-35 1.0000000180025095e-35 1.0000000180025095e-35 1.0000000180025095e-35 1.0000000180025095e-35 1.0000000180025095e-35 1.0000000180025095e-35 1.0000000180025095e-35 1.0000000180025095e-35 1.0000000180025095e-35 1.0000000180025095e-35 1.0000000180025095e-35 1.0000000180025095e-35 1.0000000180025095e-35 1.0000000180025095e-35 1.0000000180025095e-35 1.0000000180025095e-35
decision_type=2 2 2 2 2 2 2 2 2 2 2 2 2 2 2 2 2 2 2 2 2 2 2 2 2 2 2 2 2 2 2 2 2 2 2 2
left_child=1 2 3 4 5 22 32 9 11 21 13 12 17 -3 15 -15 -13 18 -2 23 -18 -8 -1 -5 -14 -26 -10 -28 29 -12 -31 -30 33 -4 -33 -34
right_child=8 10 6 19 -6 -7 7 -9 26 -11 28 16 24 14 -16 -17 20 -19 -20 -21 -22 -23 -24 -25 25 -27 27 -29 31 30 -32 34 35 -35 -36 -37
leaf_value=-0.064221497043362705 0.14397845568231402 0.22691091677051983 0.14719888805434447 0.11597198946846288 0.25483149892899731 0.15202401558755568 0.02741187167392603 0.22009289015907796 0.17510437867815695 0.24112900810549559 0.13630973093336865 0.17861855031901649 0.12522196407594308 0.19775960121413932 0.22518903198611126 0.13031897890685093 0.10153790841853268 0.21919840086605288 0.18310107838533901 0.19719819734208049 0.16583315594112144 0.071813261426542249 -0.059590863963802088 0.14200197113697974 0.1418752872232128 0.22428131542431518 0.16679641539605305 0.11773460788381818 0.22150774317253888 0.16869746150689424 0.27279802355527089 0.18948825816774262 0.15698380211630797 0.099435398181674323 0.11219393833212456 0.19929419673380142
leaf_weight=30670.807797759771 5416.1153595969081 2061.1311341673136 1639.8167199194431 918.67344385385513 164.65758771449327 342.16539504379034 374.64426773786545 131.41370399296284 2522.970211096108 54.206092119216919 310.29858658462763 983.5029358714819 4528.2483611106873 397.14533101767302 403.56898408383131 236.9044161811471 240.70523118972778 112.61863347142935 443.53791495412588 136.89016883075237 325.04695292562246 522.08422317355871 32564.412705466151 1091.3968113958836 718.31748401373625 44.809838145971298 1090.1428297385573 245.44605219364166 145.99965254217386 130.79173070937395 40.824060246348381 108.76192766427994 1545.4532515704632 121.93846977502108 51.654189117252827 113.81662525981665
leaf_count=127057 4923 1338 1825 979 91 303 499 90 2058 33 291 789 4385 300 267 229 253 77 350 103 274 614 131434 1052 659 30 917 245 98 110 21 84 1675 129 53 84
internal_value=0 -0.0285004 -0.0414707 -0.0535412 -0.0598708 -0.0606859 0.135133 0.0829272 0.148231 0.0639717 0.206383 0.141944 0.138916 0.215566 0.19303 0.172561 0.16396 0.148302 0.14694 0.134383 0.138478 0.0532628 -0.0618368 0.130105 0.128322 0.146714 0.169108 0.15778 0.170287 0.156662 0.193461 0.191715 0.15165 0.143893 0.164599 0.159886
internal_weight=0 74279.5 70392.4 65889 63742 63577.4 4503.37 1082.35 16671.5 950.935 3887.08 12812.9 11263.6 3098.75 1037.62 634.05 1549.26 5972.27 5859.65 2146.96 565.752 896.728 63235.2 2010.07 5291.38 763.127 3858.56 1335.59 788.33 481.914 171.616 306.416 3421.03 1761.76 160.416 1659.27
internal_count=283719 268759 265968 261019 258885 258794 4949 1236 14960 1146 2791 11740 10424 2134 796 529 1316 5350 5273 2134 527 1113 258491 2031 5074 689 3220 1162 657 422 131 235 3713 1954 137 1759
is_linear=0
shrinkage=0.302109


Tree=7
num_leaves=37
num_cat=0
split_feature=4 0 1 2 5 3 5 5 5 1 2 3 0 5 2 6 5 3 1 5 2 6 3 2 0 1 2 5 1 5 6 5 2 6 6 6
split_gain=1851.25 1077.26 601.005 153.602 143.531 114.85 46.5426 33.1 31.5681 21.798 17.4602 12.3817 11.6496 7.32204 6.84792 6.78464 5.9519 5.21376 3.98581 3.96292 3.41931 3.27544 2.57189 1.79707 1.61356 4.82142 3.52928 3.77343 1.77753 2.41147 4.20565 1.51844 1.48621 8.28379 2.22854 1.43552
threshold=1.0000000180025095e-35 1.0000000180025095e-35 1.0000000180025095e-35 1.0000000180025095e-35 1.0000000180025095e-35 1.0000000180025095e-35 1.0000000180025095e-35 1.0000000180025095e-35 1.0000000180025095e-35 1.0000000180025095e-35 1.0000000180025095e-35 1.0000000180025095e-35 1.0000000180025095e-35 1.0000000180025095e-35 1.0000000180025095e-35 1.0000000180025095e-35 1.0000000180025095e-35 1.0000000180025095e-35 1.0000000180025095e-35 1.0000000180025095e-35 1.0000000180025095e-35 1.0000000180025095e-35 1.0000000180025095e-35 1.0000000180025095e-35 1.0000000180025095e-35 1.0000000180025095e-35 1.0000000180025095e-35 1.0000000180025095e-35 1.0000000180025095e-35 1.0000000180025095e-35 1.0000000180025095e-35 1.0000000180025095e-35 1.0000000180025095e-35 1.0000000180025095e-35 1.0000000180025095e-35 1.0000000180025095e-35
decision_type=2 2 2 2 8 2 10 8 8 2 2 2 2 8 2 2 10 2 2 10 2 2 2 2 2 2 2 10 2 10 2 10 2 2 2 2
left_child=1 2 3 5 9 6 13 14 12 11 15 20 -2 -1 -4 -11 -6 18 35 -5 -3 31 24 -19 25 26 27 -10 29 -26 -31 -9 34 -34 -20 -14
right_child=8 4 7 19 16 -7 -8 21 22 10 -12 -13 17 -15 -16 -17 -18 23 32 -21 -22 -23 -24 -25 28 -27 -28 -29 -30 30 -32 -33 33 -35 -36 -37
leaf_value=-0.024988095340271556 0.15859856866637478 0.090784197379679604 0.095449487430986441 0.11313756432098393 0.15206046150311908 0.21313729881311669 -0.046383767658840398 0.10984376844489359 0.19069437041558029 0.00885042890986921 0.14925044607643834 0.1858256169025799 0.12338166400464572 -0.011904644432068465 0.15686756455601833 0.05764995810837524 0.20542691309446379 0.19542008874090203 0.13404019408881052 0.18979720787022883 0.12143059449078326 0.20322247092575305 0.26411348002182156 0.14367704527063621 0.21979432971570956 0.15498125122253825 0.14212899970737403 0.26469423884524679 0.21838160962466188 0.1806088671535028 0.061184089045229956 0.16846245227446019 0.16197890470722787 0.03620509710470244 0.17701882527654575 0.10246353803176178
leaf_weight=55329.160494551063 3626.5974693372846 3303.2153983041644 2100.847124196589 577.59524278342724 229.27005951851606 181.85528744012117 9953.5886054337025 50.336885668337345 87.548636980354786 443.26410878449678 144.77825555205345 138.68190286308527 865.86150075495243 4200.4164032116532 179.87472428381443 629.03441874682903 1135.0341946668923 136.72191838920116 225.69311478734016 68.887659206986427 369.44434224814177 307.06480032205582 74.661560636013746 110.99572233110666 67.046707011759281 89.481265462934971 34.592285789549351 223.31984025985003 122.64164166897535 105.98123820871115 36.074413552880287 202.92611289769411 162.87623301148415 67.643244616687298 215.0191505998373 457.70703250914812
leaf_count=211036 3197 4019 2313 591 211 127 42814 52 68 611 133 113 864 13095 161 760 852 107 218 55 368 225 45 104 48 84 33 124 91 92 45 172 142 86 178 485
internal_value=0 -0.00937682 -0.0197699 -0.0252743 0.109552 -0.0266346 -0.0272621 0.116456 0.15586 0.0859728 0.0507734 0.0972131 0.148015 -0.0240649 0.100293 0.0374773 0.196459 0.130898 0.125765 0.121306 0.093867 0.182245 0.210588 0.172235 0.205375 0.21748 0.233668 0.243854 0.189506 0.17257 0.150281 0.156812 0.144728 0.125072 0.155009 0.116148
internal_weight=0 79545.3 73152.6 70311.5 6392.72 69665 69483.2 2841.05 6710.46 5028.42 1217.08 3811.34 5869.12 59529.6 2280.72 1072.3 1364.3 2242.52 1994.8 646.483 3672.66 560.328 841.348 247.718 766.686 434.942 345.461 310.868 331.744 209.102 142.056 253.263 671.232 230.519 440.712 1323.57
internal_count=283719 277708 270641 267718 7067 267072 266945 2923 6011 6004 1504 4500 5381 224131 2474 1371 1063 2184 1973 646 4387 449 630 211 585 309 225 192 276 185 137 224 624 228 396 1349
is_linear=0
shrinkage=0.302109


Tree=8
num_leaves=37
num_cat=0
split_feature=7 4 0 5 3 2 5 5 5 3 2 2 0 0 6 5 6 4 5 6 5 6 5 2 3 6 3 2 3 6 2 6 5 2 6 4
split_gain=2152.2 921.367 470.128 97.381 80.6748 75.8148 20.0775 18.6331 11.8371 10.9253 9.18596 6.81404 5.89621 5.86179 4.60245 4.10354 4.08199 3.95592 3.94123 3.41092 3.14009 3.98198 2.89797 2.57028 2.63684 2.41833 2.14249 5.77094 2.08329 1.75265 1.57304 1.43113 1.37018 1.03469 1.75598 1.09186
threshold=1.0000000180025095e-35 1.0000000180025095e-35 1.0000000180025095e-35 1.0000000180025095e-35 1.0000000180025095e-35 1.0000000180025095e-35 1.0000000180025095e-35 inf 1.0000000180025095e-35 1.0000000180025095e-35 1.0000000180025095e-35 1.0000000180025095e-35 1.0000000180025095e-35 1.0000000180025095e-35 1.0000000180025095e-35 1.0000000180025095e-35 1.0000000180025095e-35 1.0000000180025095e-35 1.0000000180025095e-35 1.0000000180025095e-35 1.0000000180025095e-35 1.0000000180025095e-35 1.0000000180025095e-35 1.0000000180025095e-35 1.0000000180025095e-35 1.0000000180025095e-35 1.0000000180025095e-35 1.0000000180025095e-35 1.0000000180025095e-35 1.0000000180025095e-35 1.0000000180025095e-35 1.0000000180025095e-35 1.0000000180025095e-35 1.0000000180025095e-35 1.0000000180025095e-35 1.0000000180025095e-35
decision_type=2 2 2 10 2 2 10 8 8 2 2 2 2 2 2 8 2 2 10 2 10 2 8 2 2 2 2 2 2 2 2 2 8 2 2 2
left_child=1 2 4 9 5 7 12 20 10 11 13 22 14 19 -2 26 -12 23 -7 -3 21 -1 -4 24 -8 28 33 -28 -15 -17 32 -24 -16 -14 -35 -36
right_child=6 8 3 -5 -6 18 17 -9 -10 -11 16 -13 15 25 30 29 -18 -19 -20 -21 -22 -23 31 -25 -26 -27 27 -29 -30 -31 -32 -33 -34 34 35 -37
leaf_value=-0.037347696060840173 0.11497421609976208 0.17458927851374548 0.043449602554677419 0.17581460498391555 0.1869517533169581 0.090992890716801028 0.13107455543640004 -0.014166981592036653 0.1948716156207938 0.15531832782820559 0.083089687969827963 0.099570446587286393 0.085518737335199629 0.13124602236482466 0.10224863489422847 0.18039583072691298 0.13626585557050222 0.18195303858721115 0.18508621272359574 0.14402353646075569 -0.040610134053246663 -0.031895900801445602 0.052242230558780356 0.19747592899224142 0.2173854043317717 0.10299618000634336 0.16150356837756499 0.03755352346411691 0.19473080889298197 0.10192380636870346 0.076149471876532412 0.11837166509183077 0.12974522677924227 0.11141434551179068 0.10009581333158296 0.054047205636347052
leaf_weight=23765.794446080923 5402.9132637828588 698.94380914419889 2847.4374292045832 706.78813676163554 152.11684062331915 325.01332078874111 1059.9783314540982 3990.1624579876661 401.15895288437605 91.203421533107758 328.55133560299873 228.31162307411432 1962.053360670805 323.13621613383293 4433.3507405668497 68.153050169348717 219.96210821717978 212.1745839305222 46.434013321995735 636.81358654052019 9257.1688987165689 25186.388039708138 51.186420291662216 60.897952221333981 33.321210846304893 267.76180863380432 114.83019521087408 48.874754779040813 55.243121773004532 41.977044880390167 203.76447093486786 71.717769019305706 171.81446728110313 396.2619097456336 89.76248212903738 98.639336600899696
leaf_count=101495 5497 592 3885 594 122 362 1039 12895 339 85 376 249 2186 327 4657 58 218 194 40 601 42305 103800 63 51 26 291 106 63 47 46 236 73 167 417 97 120
internal_value=0 -0.0191068 -0.0263903 0.0740736 -0.0327917 -0.0333259 0.109199 -0.0341386 0.146658 0.0522157 0.139014 0.0492759 0.105546 0.14859 0.108923 0.0933191 0.104414 0.144039 0.102755 0.160017 -0.0355076 -0.0345427 0.0454101 0.13707 0.133705 0.124967 0.0909964 0.124498 0.140515 0.150486 0.102125 0.0908305 0.103275 0.0888429 0.0999981 0.0759867
internal_weight=0 69651.3 66719.7 3996.64 62723.1 62571 14398.8 62199.5 2931.57 3289.86 2530.41 3198.65 13032.4 1981.9 10211.8 2820.55 548.513 1366.37 371.447 1335.76 58209.4 48952.2 2970.34 1154.2 1093.3 646.141 2710.42 163.705 378.379 110.13 4808.93 122.904 4605.17 2546.72 584.664 188.402
internal_count=283719 268759 265968 4949 261019 260897 14960 260495 2791 4355 2452 4270 13650 1858 10557 3093 594 1310 402 1193 247600 205295 4021 1116 1065 665 2989 169 374 104 5060 136 4824 2820 634 217
is_linear=0
shrinkage=0.302109


Tree=9
num_leaves=37
num_cat=0
split_feature=4 0 1 5 2 3 5 5 5 1 2 3 0 6 1 5 3 6 3 2 5 5 0 1 5 1 5 2 1 5 6 5 2 6 6 3
split_gain=598.039 301.584 272.999 68.9209 41.5526 41.2097 25.3891 20.5894 14.8679 12.5993 9.31869 6.12998 5.64318 3.81408 3.48486 3.47638 3.08016 2.47022 2.38888 2.03615 1.85204 1.73573 1.60001 4.69091 3.0009 1.78813 2.47419 1.58503 1.40465 1.37355 1.34844 1.28432 1.15681 5.71459 1.25959 1.5315
threshold=1.0000000180025095e-35 1.0000000180025095e-35 1.0000000180025095e-35 1.0000000180025095e-35 1.0000000180025095e-35 1.0000000180025095e-35 1.0000000180025095e-35 1.0000000180025095e-35 1.0000000180025095e-35 1.0000000180025095e-35 1.0000000180025095e-35 1.0000000180025095e-35 1.0000000180025095e-35 1.0000000180025095e-35 1.0000000180025095e-35 1.0000000180025095e-35 1.0000000180025095e-35 1.0000000180025095e-35 1.0000000180025095e-35 1.0000000180025095e-35 1.0000000180025095e-35 1.0000000180025095e-35 1.0000000180025095e-35 1.0000000180025095e-35 1.0000000180025095e-35 1.0000000180025095e-35 1.0000000180025095e-35 1.0000000180025095e-35 1.0000000180025095e-35 1.0000000180025095e-35 1.0000000180025095e-35 1.0000000180025095e-35 1.0000000180025095e-35 1.0000000180025095e-35 1.0000000180025095e-35 1.0000000180025095e-35
decision_type=2 2 2 8 2 2 10 8 10 2 2 2 2 2 2 10 2 2 2 2 10 8 2 2 10 2 10 2 2 8 2 8 2 2 2 2
left_child=1 2 4 9 5 8 19 12 21 11 13 -3 -2 -11 18 -5 22 -8 -14 29 -6 -1 23 24 -9 26 -24 28 -17 -4 -13 -7 34 -34 35 -16
right_child=7 3 6 15 20 31 17 16 -10 10 -12 30 14 -15 32 27 -18 -19 -20 -21 -22 -23 25 -25 -26 -27 -28 -29 -30 -31 -32 -33 33 -35 -36 -37
leaf_value=-0.013173639220795747 0.10182803663750109 0.053491681808702563 0.070033087810772124 0.095491361429697039 0.064388896130466666 0.13295777671843964 0.13342620379082401 0.13188772950701505 -0.025627312452662698 -0.012356812957457039 0.099153564811146927 0.10183033141839837 0.066830346143035985 0.025359215112716434 0.082240808588229061 0.14351221613595094 0.22396881007718902 0.18272458583948387 0.11350830999878404 0.10820257882577074 0.12537058907494289 -0.0067527386877296461 0.16510995532346731 0.089861366771134876 0.20311861389349145 0.16247034885603973 0.082434140259797492 0.18525083284384727 0.1127145576555747 0.10594188925233483 0.17319228357050312 0.19633030323092837 0.11429092942335473 0.013162607348990262 0.12725681956957108 0.15115344823684165
leaf_weight=53431.601057991385 2878.163760419935 3366.983551196754 1952.9271525740623 190.49519346281886 488.21406545490026 90.625080987811089 174.85073886066675 80.227738030254841 9473.6532973796129 423.3851609826088 118.12274347990751 66.26822080463171 1111.7875199839473 579.8987820148468 185.33388175070286 622.96648757532239 50.689410321414471 197.6101976595819 109.9660120755434 150.69425988197327 50.120898399502039 4140.2767767310143 47.947651229798794 67.467571418732405 165.00197028741241 86.219998989254236 106.23751324415207 66.890088319778442 172.61481750756502 102.31672259420156 38.039637621492147 43.053869560360909 158.48350592702627 75.197834938764572 179.88370785117149 34.990758165717125
leaf_count=211036 3197 4387 2313 211 591 92 172 83 42814 611 133 77 1349 760 218 591 45 164 121 166 55 13095 48 84 142 91 137 65 196 108 36 35 170 103 187 36
internal_value=0 -0.00446379 -0.00985914 0.0627154 -0.0135328 -0.0142027 0.0866245 0.100154 -0.0145369 0.0467325 0.0188927 0.0557262 0.0934526 0.00944308 0.0804619 0.132427 0.152692 0.159582 0.0710317 0.0743061 0.0700665 -0.0127119 0.14616 0.160407 0.179815 0.127628 0.108144 0.140585 0.13683 0.0718207 0.127855 0.153368 0.0986377 0.0817482 0.1085 0.0931851
internal_weight=0 75941.6 70295.9 5645.66 67717.5 67179.2 2578.4 5337.6 67045.5 4592.7 1121.41 3471.29 4733.81 1003.28 1855.64 1052.97 603.792 372.461 1221.75 2205.94 538.335 57571.9 553.102 312.697 245.23 240.405 154.185 862.471 795.581 2055.24 104.308 133.679 633.89 233.681 400.208 220.325
internal_count=283719 277708 270641 7067 267718 267072 2923 6011 266945 6004 1504 4500 5381 1371 2184 1063 630 336 1470 2587 646 224131 585 309 225 276 185 852 787 2421 113 127 714 273 441 254
is_linear=0
shrinkage=0.302109


Tree=10
num_leaves=37
num_cat=0
split_feature=7 4 0 1 5 3 5 2 4 5 0 2 5 1 2 5 5 0 1 2 3 1 5 3 0 2 5 5 0 2 5 3 1 2 2 1
split_gain=991.307 327.172 128.561 124.359 42.2486 24.0092 16.9854 15.4692 12.8974 8.56042 8.31872 8.22051 7.97688 7.4847 9.0757 6.03616 5.76118 3.60298 4.42887 2.23931 2.09081 1.80495 1.71113 2.96072 1.38635 1.78494 1.31944 1.17542 1.82221 4.6003 1.08547 1.02035 0.989623 0.965074 0.882742 0.772438
threshold=1.0000000180025095e-35 1.0000000180025095e-35 1.0000000180025095e-35 1.0000000180025095e-35 1.0000000180025095e-35 1.0000000180025095e-35 1.0000000180025095e-35 1.0000000180025095e-35 1.0000000180025095e-35 1.0000000180025095e-35 1.0000000180025095e-35 1.0000000180025095e-35 inf 1.0000000180025095e-35 1.0000000180025095e-35 1.0000000180025095e-35 1.0000000180025095e-35 1.0000000180025095e-35 1.0000000180025095e-35 1.0000000180025095e-35 1.0000000180025095e-35 1.0000000180025095e-35 1.0000000180025095e-35 1.0000000180025095e-35 1.0000000180025095e-35 1.0000000180025095e-35 1.0000000180025095e-35 1.0000000180025095e-35 1.0000000180025095e-35 1.0000000180025095e-35 1.0000000180025095e-35 1.0000000180025095e-35 1.0000000180025095e-35 1.0000000180025095e-35 1.0000000180025095e-35 1.0000000180025095e-35
decision_type=2 2 2 2 10 2 10 2 2 10 2 2 8 2 2 8 8 2 2 2 2 2 10 2 2 2 10 8 2 2 8 2 2 2 2 2
left_child=1 2 3 5 13 7 34 12 10 21 19 16 26 30 -15 -12 17 -3 -19 22 -13 27 23 -2 -23 -26 -1 28 29 -10 31 -4 -21 -30 -5 -18
right_child=8 11 4 6 -6 -7 -8 -9 9 -11 15 20 -14 14 -16 -17 35 18 -20 32 -22 24 -24 -25 25 -27 -28 -29 33 -31 -32 -33 -34 -35 -36 -37
leaf_value=-0.02343820025902655 0.086976546360258478 0.10986679250179582 0.03035074712361864 0.045073946156550325 0.11433031950654589 0.13496923609598493 0.13140994203462167 0.053628828068015187 0.055802488903258278 0.12712902716115657 0.056384807298268627 0.056090924056290403 -0.0099053349440438501 -0.011765661371849537 0.10623213349860017 0.10552772900761616 0.15978910025795498 0.058960066895696363 0.11574096589360554 0.054327783285546188 0.11465392588021966 0.026684961244800607 0.10152959782194594 -0.00074723369878734193 0.034541464254528073 0.081315728541372118 -0.027498992557762728 0.10157112199734665 0.053376947449698536 0.10590736125547798 0.06367786195390901 0.076754251074689681 0.095231394275189174 0.028177096673994997 0.078712555593873718 0.12224030349231037
leaf_weight=46406.1136302948 7538.2274345159531 1078.9654754512012 2215.2747548371553 1432.4893405511975 559.39975138753653 88.130405034869909 252.50014970824122 240.51563649252057 837.47815918922424 158.15183421224356 1462.6074549406767 453.23390056565404 3880.363007247448 701.41222644597292 65.005564633756876 270.2750793620944 178.15571474656463 343.8945848941803 197.31077514588833 264.77923737838864 63.427356101572514 319.62946553528309 768.45707437768579 35.279037687927485 168.31741284579039 133.53819623962045 8666.7568136006594 58.611758556216955 433.95588426291943 208.97732503712177 98.354328792542219 44.109733212739229 67.810560420155525 203.8657203912735 74.924621805548668 69.513603296130896
leaf_count=203611 8324 1193 3099 1793 594 91 248 303 1076 194 1794 584 12807 1009 75 324 189 441 224 337 73 440 829 53 225 158 42073 70 548 235 116 56 79 274 93 87
internal_value=0 -0.0128922 -0.0169409 -0.0202484 0.0378692 -0.0225979 0.0588929 -0.0228325 0.078462 0.0590813 0.0831595 0.0970076 -0.0231444 0.0241783 -0.0017574 0.0640496 0.106337 0.0997768 0.0796611 0.086977 0.0632803 0.0545296 0.0879462 0.0865679 0.0405512 0.055234 -0.0240772 0.0595141 0.0580505 0.0658084 0.0326091 0.0312567 0.0626675 0.0453224 0.0467459 0.14925
internal_weight=0 67109.9 64725.3 61041.8 3683.56 59281.9 1759.91 59193.7 12930 2522.53 10407.4 2384.5 58953.2 3124.16 766.418 1732.88 1867.84 1620.17 541.205 8674.55 516.661 2364.37 8341.96 7573.51 621.485 301.856 55072.9 1742.89 1684.28 1046.46 2357.74 2259.38 332.59 637.822 1507.41 247.669
internal_count=283719 268759 265968 261019 4949 258885 2134 258794 14960 3220 11740 2791 258491 4355 1084 2118 2134 1858 665 9622 657 3026 9206 8377 823 383 245684 2203 2133 1311 3271 3155 416 822 1886 276
is_linear=0
shrinkage=0.302109


Tree=11
num_leaves=37
num_cat=0
split_feature=7 4 1 5 3 2 3 4 5 2 5 6 6 5 5 6 2 1 6 6 1 1 6 6 2 5 6 1 2 3 2 5 1 6 6 5
split_gain=522.887 175.79 54.7863 16.4181 15.4881 10.397 8.75095 7.53505 5.51933 5.32065 4.47289 5.13942 4.20089 3.41776 3.3502 3.22662 3.11373 2.61506 2.29668 2.28664 2.21837 1.79343 3.75233 3.70035 3.64112 2.01704 1.18708 2.78344 2.56475 1.79314 1.77216 1.14853 1.02931 0.966643 0.866717 1.10719
threshold=1.0000000180025095e-35 1.0000000180025095e-35 1.0000000180025095e-35 1.0000000180025095e-35 1.0000000180025095e-35 1.0000000180025095e-35 1.0000000180025095e-35 1.0000000180025095e-35 1.0000000180025095e-35 1.0000000180025095e-35 1.0000000180025095e-35 1.0000000180025095e-35 1.0000000180025095e-35 inf 1.0000000180025095e-35 1.0000000180025095e-35 1.0000000180025095e-35 1.0000000180025095e-35 1.0000000180025095e-35 1.0000000180025095e-35 1.0000000180025095e-35 1.0000000180025095e-35 1.0000000180025095e-35 1.0000000180025095e-35 1.0000000180025095e-35 1.0000000180025095e-35 1.0000000180025095e-35 1.0000000180025095e-35 1.0000000180025095e-35 1.0000000180025095e-35 1.0000000180025095e-35 1.0000000180025095e-35 1.0000000180025095e-35 1.0000000180025095e-35 1.0000000180025095e-35 1.0000000180025095e-35
decision_type=2 2 2 10 2 2 2 2 10 2 10 2 2 8 10 2 2 2 2 2 2 2 2 2 2 8 2 2 2 2 2 8 2 2 2 8
left_child=1 2 4 6 5 13 16 14 26 10 11 -3 -5 33 21 17 34 -11 -16 -7 -13 23 -23 25 31 -2 28 -28 29 -9 -29 -25 -20 -1 -4 -36
right_child=7 9 3 12 -6 19 -8 8 -10 15 -12 20 -14 -15 18 -17 -18 -19 32 -21 -22 22 -24 24 -26 -27 27 30 -30 -31 -32 -33 -34 -35 35 -37
leaf_value=-0.016221655817875061 0.07003904241444607 0.094151171713449985 0.0093067109100643686 0.057677112298870924 0.089852740862596314 0.014116415956902901 0.14485326121174408 0.034482670571507869 0.10192225798180664 0.0082654708432634769 0.13090834918034289 0.047368561609799589 0.12514073759301034 -0.0057562287665851178 0.094116896270204975 0.078403231727233791 0.065545755333376657 0.068047922276489536 0.05813997409202689 0.061174305121991825 0.083057212485350029 0.027448067024923119 0.06641446664506756 0.056397071178102026 0.0062898213006715989 0.033679063326558206 0.042322843814967329 0.017281920994735196 0.065345802323342445 0.093269087755486924 -0.046043312664121885 0.084373444016876575 0.10168910285574924 -0.01372782823711282 0.019633392381944528 0.063845226372350669
leaf_weight=27624.81934030354 3962.0510474666953 827.93129607662559 931.24354737997055 159.60575430467725 131.26665678247809 204.1943886205554 51.554301001131535 974.57941425591707 140.96328787133098 203.14657578989863 160.60875502973795 479.05440917611122 178.40794315189123 3955.2270414978266 496.16551969572902 186.90437772870064 123.32151694223285 99.487759083509445 372.1057037897408 175.02973309531808 237.90983472019434 421.82791358232498 484.74587909132242 3541.1903263889253 131.47798766195774 144.32147275283933 578.27883169800043 182.59643360227346 421.12844244763255 49.775965798646212 51.770055279135704 139.19651307165623 57.141606714576483 29160.60009534657 1068.5731313079596 54.325893111526966
leaf_count=122934 4661 1001 1279 204 165 285 52 1324 194 291 202 621 196 12917 580 235 162 131 462 221 310 567 595 4267 186 189 767 258 536 60 81 159 74 126076 1412 65
internal_value=0 -0.00910554 -0.0119969 0.0312414 -0.013809 -0.0140316 0.0218329 0.059093 0.0439255 0.0749557 0.0829244 0.077936 0.0932853 -0.0143429 0.062825 0.0471933 0.0189203 0.0279183 0.0801182 0.0358358 0.0592111 0.0610116 0.0482834 0.0624688 0.0556904 0.0687611 0.040305 0.0310669 0.0454987 0.0373392 0.00329378 0.0574552 0.0639373 -0.014941 0.0161211 0.0217724
internal_weight=0 66013.2 63818.2 2567.03 61251.1 61119.9 2229.02 12149.3 2399.09 2195.04 1705.5 1544.9 338.014 60740.6 9750.22 489.539 2177.46 302.634 925.413 379.224 716.964 8824.81 906.574 7918.24 3811.86 4106.37 2258.13 812.645 1445.48 1024.36 234.366 3680.39 429.247 56785.4 2054.14 1122.9
internal_count=283719 268759 265968 3370 262598 262433 2970 14960 3220 2791 2134 1932 400 261927 11740 657 2918 422 1116 506 931 10624 1162 9462 4612 4850 3026 1106 1920 1384 339 4426 536 249010 2756 1477
is_linear=0
shrinkage=0.302109


Tree=12
num_leaves=37
num_cat=0
split_feature=7 4 1 5 3 3 2 5 4 5 6 2 6 6 6 2 2 5 1 5 1 1 6 6 2 5 6 5 6 2 1 3 2 2 3 2
split_gain=270.934 92.6991 27.5575 9.45192 8.25101 5.28383 5.22433 4.47459 4.7388 4.05164 2.75675 2.64158 3.32383 2.37689 1.77239 2.09422 1.70904 1.70551 1.64627 1.56622 1.09476 1.01353 2.1977 2.12505 1.98716 1.16509 0.859741 0.693372 0.653138 1.46687 1.46119 1.05346 0.837608 0.6481 0.920736 0.613306
threshold=1.0000000180025095e-35 1.0000000180025095e-35 1.0000000180025095e-35 1.0000000180025095e-35 1.0000000180025095e-35 1.0000000180025095e-35 1.0000000180025095e-35 1.0000000180025095e-35 1.0000000180025095e-35 1.0000000180025095e-35 1.0000000180025095e-35 1.0000000180025095e-35 1.0000000180025095e-35 1.0000000180025095e-35 1.0000000180025095e-35 1.0000000180025095e-35 1.0000000180025095e-35 inf 1.0000000180025095e-35 1.0000000180025095e-35 1.0000000180025095e-35 1.0000000180025095e-35 1.0000000180025095e-35 1.0000000180025095e-35 1.0000000180025095e-35 1.0000000180025095e-35 1.0000000180025095e-35 1.0000000180025095e-35 1.0000000180025095e-35 1.0000000180025095e-35 1.0000000180025095e-35 1.0000000180025095e-35 1.0000000180025095e-35 1.0000000180025095e-35 1.0000000180025095e-35 1.0000000180025095e-35
decision_type=2 2 2 10 2 2 2 10 2 8 2 2 2 2 2 2 2 8 2 8 2 2 2 2 2 8 2 8 2 2 2 2 2 2 2 2
left_child=1 2 4 5 6 16 17 8 21 11 -5 12 -3 -13 15 -9 -4 -1 -14 -8 -16 22 25 -23 27 33 -6 -24 29 31 -30 -10 -32 34 -2 -25
right_child=7 9 3 10 26 -7 19 14 28 -11 -12 13 18 -15 20 -17 -18 -19 -20 -21 -22 23 24 35 -26 -27 -28 -29 30 -31 32 -33 -34 -35 -36 -37
leaf_value=-0.010523552540429382 0.052832414531113307 0.072129687778957521 0.011402558963690511 0.042641740240608184 0.047038853111215917 0.11745994805886263 0.017844430199504616 0.069071717086100826 0.024937866258348668 0.093712929501778272 0.099418029753435014 0.013287499169922362 0.032034481330757925 0.059709620274456927 0.042522896726121029 0.13773835146339333 0.049036452515770816 -0.0040274197322818827 0.064412483870048498 0.073600171222184443 0.084275415243355065 0.019686420335474696 0.041510988843053265 0.04582660722397032 0.0044175697852020255 0.024292116460821071 0.098460632552446692 0.063999455623950194 0.030850262841572541 0.048812488589614268 0.012278307679463463 0.071807139402829026 -0.030704890804478434 0.037226527521780114 0.098406967720575819 0.082155324614204356
leaf_weight=56357.934356987476 3461.8730371519923 738.22188617661595 2033.161486171186 152.18742914497852 69.497250948101282 45.514547847211361 314.18726029247046 506.78884776681662 946.38553355634212 238.92000008374453 160.23112509027123 263.04578504338861 441.38550070673227 163.07486879080534 375.40672788023949 44.061935357749462 116.44133120402694 3947.0000570267439 212.24853001907468 53.867170326411724 67.644056707620621 412.4401814378798 3388.9999946728349 411.27664393559098 130.793451346457 140.4538288526237 51.790223263204098 129.93060670420527 557.90062795206904 398.13519214093685 179.93131906911731 45.891671992838383 53.735220678150654 242.85863162577152 40.937549829483032 47.290255919098854
leaf_count=249010 4279 966 2756 204 99 52 433 662 1324 339 196 376 596 218 496 56 162 12917 296 73 96 567 4267 537 186 189 66 159 767 536 258 60 81 330 52 58
internal_value=0 -0.00639093 -0.00844184 0.0225953 -0.00972201 0.0155979 -0.00987937 0.0437414 0.0419222 0.0567267 0.0717608 0.051866 0.0582379 0.0310531 0.0631229 0.0745643 0.0134411 -0.0100984 0.0425483 0.0260046 0.0488976 0.0451782 0.0463059 0.0354211 0.0409823 0.0513057 0.0689962 0.0423413 0.0293774 0.0333212 0.02245 0.0271055 0.00239366 0.0523187 0.053365 0.049573
internal_weight=0 65358.7 63301.8 2507.54 60794.3 2195.12 60673 11582.7 10588.8 2056.9 312.419 1817.98 1391.86 426.121 993.902 550.851 2149.6 60304.9 653.634 368.054 443.051 8406.85 7535.85 871.007 3649.72 3886.12 121.287 3518.93 2181.98 1390.41 791.567 992.277 233.667 3745.67 3502.81 458.567
internal_count=283719 268759 265968 3370 262598 2970 262433 14960 13650 2791 400 2452 1858 594 1310 718 2918 261927 892 506 592 10624 9462 1162 4612 4850 165 4426 3026 1920 1106 1384 339 4661 4331 595
is_linear=0
shrinkage=0.302109


Tree=13
num_leaves=37
num_cat=0
split_feature=7 0 1 5 1 3 3 0 5 6 3 2 1 1 5 6 6 5 6 2 5 2 6 5 6 5 5 6 5 1 6 1 5 5 2 6
split_gain=138.311 50.7195 34.0761 20.4143 7.43255 7.69278 5.60077 5.57301 2.92688 5.38586 2.47311 2.44564 1.60816 1.48114 1.44823 2.26118 1.153 1.03388 0.941523 2.22258 1.19988 0.882756 2.10869 0.732714 1.35486 0.727925 0.630395 0.80001 0.469708 0.467048 0.463239 0.453537 2.05826 1.38711 0.629641 0.447449
threshold=1.0000000180025095e-35 1.0000000180025095e-35 1.0000000180025095e-35 1.0000000180025095e-35 1.0000000180025095e-35 1.0000000180025095e-35 1.0000000180025095e-35 1.0000000180025095e-35 1.0000000180025095e-35 1.0000000180025095e-35 1.0000000180025095e-35 1.0000000180025095e-35 1.0000000180025095e-35 1.0000000180025095e-35 1.0000000180025095e-35 1.0000000180025095e-35 1.0000000180025095e-35 inf 1.0000000180025095e-35 1.0000000180025095e-35 1.0000000180025095e-35 1.0000000180025095e-35 1.0000000180025095e-35 1.0000000180025095e-35 1.0000000180025095e-35 1.0000000180025095e-35 1.0000000180025095e-35 1.0000000180025095e-35 1.0000000180025095e-35 1.0000000180025095e-35 1.0000000180025095e-35 1.0000000180025095e-35 1.0000000180025095e-35 inf 1.0000000180025095e-35 1.0000000180025095e-35
decision_type=2 2 2 10 2 2 2 2 8 2 2 2 2 2 8 2 2 8 2 2 8 2 2 8 2 8 10 2 10 2 2 2 8 8 2 2
left_child=1 2 6 4 23 -6 11 10 35 12 18 17 -10 -11 21 28 -8 26 31 20 -20 -4 -23 -3 -25 -13 27 -1 -16 -5 -28 33 34 -2 -33 -9
right_child=7 3 14 29 5 -7 16 8 9 13 -12 25 -14 -15 15 -17 -18 -19 19 -21 -22 22 -24 24 -26 -27 30 -29 -30 -31 -32 32 -34 -35 -36 -37
leaf_value=-0.0095107762053998693 0.041044301476390863 0.025897515607435726 0.027205489506962579 0.084566162867140998 -0.010854480628232495 0.096579274425122791 0.036877796202047078 0.011527525662551878 0.092998679337876131 -0.027930691506378329 -0.018301054287484769 0.011647773196460865 0.027051697771800866 0.047624178131673744 -0.006129449023168922 0.077284597360498475 0.10576388481079735 -0.0035449812018681724 0.032213542730626397 -0.0017489093013379612 0.048637878519282002 0.015025794007486526 0.096255605191275309 0.016897072019700941 0.084157783929821442 0.053502046144906369 -0.0087476317651725213 -0.0069851314546903985 0.034372671147686017 0.063962984253295871 -0.013222075661153639 0.027622100894238975 0.085802828748861484 0.0099447251441898976 -0.0056019446241097988 0.020416012243061134
leaf_weight=22231.012817807496 3908.3561385571957 2682.0689843147993 1524.3758447803557 447.85558216273785 914.04985681176186 65.168477760627866 50.231103485450149 1254.7866761423647 146.93269072845578 79.291235070675611 77.36094331368804 317.40733361244202 43.812928231433034 33.764921978116035 34.43790577724576 155.17696785926819 39.706115644425154 3875.4372890852392 3540.1510015875101 164.3609556183219 458.5500793159008 60.082401461899281 56.688682969659567 53.713755808770657 55.654968414455652 43.072159346193075 4104.9197486713529 23596.109908282757 108.37483637034893 129.44419758580625 4349.344887316227 339.27296125888824 53.134653612971306 135.43208197504282 61.497954025864601 879.02100499346852
leaf_count=101117 5094 3803 2048 526 1353 86 76 1782 203 136 126 453 71 53 50 195 51 12841 4626 243 596 90 72 76 64 61 20543 103317 146 198 21593 468 72 189 94 1207
internal_value=0 -0.00447563 -0.00673895 0.0270416 0.0189417 -0.0037046 -0.00804264 0.0319123 0.0191392 0.046883 0.0354755 -0.00815842 0.0778511 -0.00536576 0.0326628 0.0520382 0.0672901 -0.00831218 0.0359559 0.0326818 0.034097 0.0291447 0.0544603 0.0268859 0.0511243 0.0166488 -0.00865254 -0.00821034 0.024606 0.0799464 -0.0110495 0.0389863 0.0299314 0.0400027 0.0225239 0.0151891
internal_weight=0 64894.3 60546.4 4347.96 3770.66 979.218 58607.2 11175.7 2437.61 303.802 8738.12 58517.3 190.746 113.056 1939.14 297.99 89.9372 58156.8 8660.76 4163.06 3998.7 1641.15 116.771 2791.44 109.369 360.479 54281.4 45827.1 142.813 577.3 8454.26 4497.69 453.906 4043.79 400.771 2133.81
internal_count=283719 268759 262653 6106 5382 1439 260052 14960 3452 463 11508 259925 274 189 2601 391 127 259411 11382 5465 5222 2210 162 3943 140 514 246570 204434 196 724 42136 5917 634 5283 562 2989
is_linear=0
shrinkage=0.302109


Tree=14
num_leaves=37
num_cat=0
split_feature=7 4 1 5 2 3 3 6 4 5 5 6 2 6 3 6 2 5 1 3 1 5 6 3 5 6 1 5 6 2 3 1 1 6 2 6
split_gain=69.8043 37.7827 5.68183 2.87564 2.8437 2.20994 2.09591 1.67129 1.57716 1.56726 1.4181 1.26645 1.1203 1.19855 0.868797 0.785998 0.740794 0.632075 1.30766 1.10322 0.539103 0.533765 0.863065 0.480205 0.425306 0.402091 0.335832 0.414667 0.332344 1.00908 0.917357 0.778046 0.377922 0.322078 0.298244 0.286339
threshold=1.0000000180025095e-35 1.0000000180025095e-35 1.0000000180025095e-35 1.0000000180025095e-35 1.0000000180025095e-35 1.0000000180025095e-35 1.0000000180025095e-35 1.0000000180025095e-35 1.0000000180025095e-35 1.0000000180025095e-35 1.0000000180025095e-35 1.0000000180025095e-35 1.0000000180025095e-35 1.0000000180025095e-35 1.0000000180025095e-35 1.0000000180025095e-35 1.0000000180025095e-35 1.0000000180025095e-35 1.0000000180025095e-35 1.0000000180025095e-35 1.0000000180025095e-35 1.0000000180025095e-35 1.0000000180025095e-35 1.0000000180025095e-35 inf 1.0000000180025095e-35 1.0000000180025095e-35 1.0000000180025095e-35 1.0000000180025095e-35 1.0000000180025095e-35 1.0000000180025095e-35 1.0000000180025095e-35 1.0000000180025095e-35 1.0000000180025095e-35 1.0000000180025095e-35 1.0000000180025095e-35
decision_type=2 2 2 10 2 2 2 2 2 10 10 2 2 2 2 2 2 8 2 2 2 10 2 2 8 2 2 10 2 2 2 2 2 2 2 2
left_child=1 2 6 5 7 16 12 23 17 20 28 -5 24 -14 15 -6 25 19 21 -2 -9 -19 -23 26 33 -4 27 -3 29 30 -10 -30 -31 -1 -33 -8
right_child=8 4 3 11 14 -7 35 9 10 -11 -12 -13 13 -15 -16 -17 -18 18 -20 -21 -22 22 -24 -25 -26 -27 -28 -29 31 32 -32 34 -34 -35 -36 -37
leaf_value=-0.0061310126289981495 0.024270100866232738 0.053923694566663655 -0.0011466045678445612 0.018679879652103996 0.0023333529697713226 0.0776956868308218 0.024157626349864243 0.023929832843107679 0.0095826426047947843 0.079267130631620483 0.048582366138377055 0.059375346604775545 -0.0040308770091320393 0.03136042665042147 0.054709332210206081 0.030361939822691957 0.029105330982297162 0.016150262585604591 0.060881608055929799 -0.010206897156399615 0.042641022210121726 0.042452521786019673 0.021144978340253615 0.08252133167813723 -0.0021334254244281935 0.0074553377891764857 0.041200569559261352 0.085997245317656623 0.015290121180788142 0.023601192244350984 0.054665500399628503 0.00031980173956643081 0.044196372428033252 -0.0046781556593729458 -0.02529963798815937 0.055784363883658726
leaf_weight=27087.604050010443 7527.5876310802996 501.3159310258925 911.98965711891651 141.4598511941731 251.28124778345227 38.712061364203691 64.454493314027786 445.37231421098113 903.85611755773425 64.324243498966098 114.10795803368092 137.76685129106045 193.97383549436927 158.85991206020117 50.213805930688977 143.44266912341118 109.01539630442858 257.38115697726607 124.02890760824084 85.673341952264309 205.33130601420999 362.50874207168818 332.76838240772486 52.221461750566959 3932.7314115762711 1087.2631661742926 179.60563861578703 39.70386597700417 532.23127207905054 255.41046237945557 43.161892533302307 173.83863179758191 119.30553030595183 28662.743434406817 54.466215685009956 43.938556000590324
leaf_count=122934 10096 681 1279 204 373 52 99 621 1324 101 194 196 285 221 73 211 162 358 186 138 310 500 462 82 12917 1477 278 61 767 371 60 258 165 126076 81 66
internal_value=0 -0.00313045 -0.00441553 0.00991808 0.038471 0.00616723 -0.00499374 0.0448079 0.0230229 0.0342812 0.01579 0.0387585 -0.00506952 0.0119037 0.0172804 0.0125189 0.00485382 0.0248511 0.0317025 0.0238821 0.0298342 0.0279036 0.0322545 0.054547 -0.00516986 0.00353143 0.0525198 0.0562775 0.013993 0.0168882 0.0116374 0.00896144 0.0301585 -0.00538406 -0.00579218 0.0369779
internal_weight=0 64503.3 62570.5 2426.21 1932.81 2146.98 60144.3 1487.87 10886.3 715.028 2196.38 279.227 60035.9 352.834 444.938 394.724 2108.27 8689.95 1076.69 7613.26 650.704 952.658 695.277 772.847 59683.1 1999.25 720.625 541.02 2082.27 1321.73 947.018 760.536 374.716 55750.3 228.305 108.393
internal_count=283719 268759 265968 3370 2791 2970 262598 2134 14960 1032 3220 400 262433 506 657 584 2918 11740 1506 10234 931 1320 962 1102 261927 2756 1020 742 3026 1920 1384 1106 536 249010 339 165
is_linear=0
shrinkage=0.302109


Tree=15
num_leaves=37
num_cat=0
split_feature=7 0 4 5 1 1 0 3 5 3 4 1 4 2 2 4 2 2 5 3 2 2 4 1 2 1 3 2 1 4 1 2 5 4 5 5
split_gain=34.8701 19.3872 25.7002 10.6809 8.49439 5.1136 2.79122 2.75678 1.70858 1.69446 1.63416 4.80201 1.62863 1.66856 1.52426 1.43093 4.76897 4.4242 1.34527 1.26107 3.94053 1.3148 1.77714 4.09707 1.21468 3.14287 1.20067 0.898224 0.644359 0.619328 0.908307 1.12958 3.80907 0.541108 0.649061 0.563462
threshold=1.0000000180025095e-35 1.0000000180025095e-35 1.0000000180025095e-35 1.0000000180025095e-35 1.0000000180025095e-35 1.0000000180025095e-35 1.0000000180025095e-35 1.0000000180025095e-35 1.0000000180025095e-35 1.0000000180025095e-35 1.0000000180025095e-35 1.0000000180025095e-35 1.0000000180025095e-35 1.0000000180025095e-35 1.0000000180025095e-35 1.0000000180025095e-35 1.0000000180025095e-35 1.0000000180025095e-35 1.0000000180025095e-35 1.0000000180025095e-35 1.0000000180025095e-35 1.0000000180025095e-35 1.0000000180025095e-35 1.0000000180025095e-35 1.0000000180025095e-35 1.0000000180025095e-35 1.0000000180025095e-35 1.0000000180025095e-35 1.0000000180025095e-35 1.0000000180025095e-35 1.0000000180025095e-35 1.0000000180025095e-35 1.0000000180025095e-35 1.0000000180025095e-35 inf 1.0000000180025095e-35
decision_type=2 2 2 10 2 2 2 2 8 2 2 2 2 2 2 2 2 2 10 2 2 2 2 2 2 2 2 2 2 2 2 2 10 2 8 8
left_child=1 2 4 5 9 12 26 15 24 27 11 -5 14 -14 -3 17 -17 -7 -6 21 -21 33 -23 -24 28 -26 29 -1 -4 -2 31 32 -31 34 -8 -35
right_child=6 3 8 10 18 7 19 -9 -10 -11 -12 -13 13 -15 -16 16 -18 -19 -20 20 -22 22 23 -25 25 -27 -28 -29 -30 30 -32 -33 -34 35 -36 -37
leaf_value=-0.0051792993363758925 0.020499427807616693 0.02351560892127609 0.0471832910081992 0.078473532039156593 0.014218281234700786 -0.023908531265956379 -0.003272991294806044 0.057932706679055458 0.076686049518217683 0.044954427099778232 0.013619105137395391 -0.0001949949156257106 -0.012025542904207698 0.027393536895818967 -0.010865257988878064 0.042746446927892444 -0.061797351080567942 0.067104795889200014 0.041773282916034021 0.070780403502124598 -0.038942657695235819 0.041147777808926693 -0.025286364906187315 0.050398283029566775 -0.010731604859883276 0.075958073124253983 -0.018420818528642094 0.014465144332223838 0.027959596842373931 0.0079585048804152805 -0.0013168642837989371 0.040260883227429212 0.10596463736701978 0.012524907599739041 0.036738306849698067 -0.020419980339833891
leaf_weight=57019.187932670116 7021.1483471058309 2180.9326768033206 630.59997551143169 380.13029828481376 1396.0094788558781 667.32504927366972 1143.834144487977 56.080066971480846 112.70411929860711 61.778181843459606 67.776200303807855 87.032752467319369 285.58612731844187 149.21349802613258 124.40634889528155 135.78695292770863 56.352346260100603 52.58884385228157 182.89567802846432 92.706910701468587 44.076281426474452 201.49740584567189 169.72348201647401 106.0833737179637 127.90924754738808 54.404520116746426 77.309162825345993 213.23181463778019 212.85762446373701 722.72988024353981 299.63933561369777 167.65173713117838 38.102322518825531 505.52621525526047 38.240911930799484 52.282520413398743
leaf_count=258491 9551 3086 849 442 1886 984 1684 86 171 91 130 152 461 211 185 201 96 72 248 132 73 278 269 143 197 73 126 303 344 1078 453 239 61 721 55 97
internal_value=0 -0.00218493 -0.00358033 0.0175501 -0.00444972 0.0117932 0.0164567 -0.00708058 0.041378 -0.00505213 0.0574575 0.0638175 0.0184616 0.0015022 0.0216603 -0.0110781 0.0120849 -0.0172601 0.0174102 0.00727133 0.0354238 0.00553454 0.0195806 0.00382416 0.0374986 0.0151376 0.0190534 -0.00510611 0.0423319 0.0194046 0.0131457 0.0178131 0.0128666 0.00168127 -0.0019786 0.00943704
internal_weight=0 64254.8 60011.6 4243.21 58873.1 3708.27 10680.6 968.133 1138.48 57294.2 534.939 467.163 2740.14 434.8 2305.34 912.053 192.139 719.914 1578.91 2353.97 136.783 2217.19 477.304 275.807 1025.77 182.314 8326.58 57232.4 843.458 8249.27 1228.12 928.484 760.832 1739.88 1182.08 557.809
internal_count=283719 268759 262653 6106 261019 5382 14960 1439 1634 258885 724 594 3943 672 3271 1353 297 1056 2134 3452 205 3247 690 412 1463 270 11508 258794 1193 11382 1831 1378 1139 2557 1739 818
is_linear=0
shrinkage=0.302109


Tree=16
num_leaves=37
num_cat=0
split_feature=7 4 0 5 1 1 0 1 1 5 5 0 2 5 2 2 5 3 2 2 5 2 1 3 2 5 1 4 1 2 5 5 4 1 2 1
split_gain=17.3293 9.68791 10.6263 6.20856 4.19581 3.7937 3.06074 2.68283 1.97537 3.61763 2.83636 1.40034 1.22664 1.08333 1.75558 1.03406 1.00013 0.866261 0.829351 0.756714 0.713695 0.642957 1.68538 0.595266 0.442565 0.456889 0.354348 0.310332 0.461464 0.593362 2.18201 0.292838 0.257075 0.584224 0.587671 0.235302
threshold=1.0000000180025095e-35 1.0000000180025095e-35 1.0000000180025095e-35 1.0000000180025095e-35 1.0000000180025095e-35 1.0000000180025095e-35 1.0000000180025095e-35 1.0000000180025095e-35 1.0000000180025095e-35 1.0000000180025095e-35 1.0000000180025095e-35 1.0000000180025095e-35 1.0000000180025095e-35 1.0000000180025095e-35 1.0000000180025095e-35 1.0000000180025095e-35 1.0000000180025095e-35 1.0000000180025095e-35 1.0000000180025095e-35 1.0000000180025095e-35 1.0000000180025095e-35 1.0000000180025095e-35 1.0000000180025095e-35 1.0000000180025095e-35 1.0000000180025095e-35 1.0000000180025095e-35 1.0000000180025095e-35 1.0000000180025095e-35 1.0000000180025095e-35 1.0000000180025095e-35 1.0000000180025095e-35 1.0000000180025095e-35 1.0000000180025095e-35 1.0000000180025095e-35 1.0000000180025095e-35 1.0000000180025095e-35
decision_type=2 2 2 10 2 2 2 2 2 10 8 2 2 8 2 2 8 2 2 2 10 2 2 2 2 10 2 2 2 2 10 8 2 2 2 2
left_child=1 2 4 5 17 19 16 -5 9 18 12 23 -10 32 35 -7 21 24 -8 -4 -6 26 -23 27 25 31 -3 -2 29 30 -29 -1 -13 34 -34 -15
right_child=11 6 3 7 20 15 8 -9 10 -11 -12 13 -14 14 -16 -17 -18 -19 -20 -21 -22 22 -24 -25 -26 -27 -28 28 -30 -31 -32 -33 33 -35 -36 -37
leaf_value=-0.0034904451857283433 0.014601353855824485 0.034593296753525279 0.016628392960102416 0.059008282949000498 0.01003524852049986 -0.012508013459244714 -0.0082849973431963278 -0.00013605673144150184 0.029737759483474836 -0.097493820879887269 0.10447506401087811 4.1461686516161913e-05 -0.01815087477128844 0.018154890047500521 0.079451043026540075 0.032624698611527413 0.058284766294371813 0.032946248401715665 0.019673095876532782 -0.0074994434500826167 0.030433662803901501 -0.0074057526326680766 0.057531426769633541 -0.01260485235526685 0.010246318394163612 -0.0056994024181162553 0.020126749367877211 0.0056011468533924517 -0.00091777501773944697 0.029334961019637965 0.083389733091783408 -0.0007395923290779259 0.0082176583798322014 0.018752173074841248 -0.012696982066467771 -0.0038875484045392088
leaf_weight=44727.925242424011 6904.1692992150784 605.46553640067577 2157.4702005051076 357.40025915205479 1383.1282647736371 696.88270402699709 288.62695431523025 87.048267532140017 142.80487047880888 36.851657832041383 36.42208400927484 1239.2808273993433 74.174595944583416 179.02199432440102 42.389476621523499 49.632659465074539 105.02936242707074 59.335242010653019 145.73510096222162 125.54063493385911 176.52734110876918 129.09608553349972 50.845971718430519 78.570152904838324 210.63915096968412 8294.1088096052408 207.49397897720337 717.74118024483323 299.98003241047263 161.80008180066943 34.493402231484652 3834.8046710640192 378.037816606462 260.58182616531849 181.48597532510757 58.692477876320481
leaf_count=203611 9551 849 3086 442 1886 1009 461 152 224 84 60 1794 117 293 66 75 171 91 211 185 248 197 73 126 303 42073 344 1078 453 239 61 12807 548 373 274 104
internal_value=0 -0.00151834 -0.00215488 0.0140802 -0.00311592 0.00918837 0.0201918 0.0474245 0.00495234 -0.00661488 0.0264622 0.0117041 0.013367 0.00518487 0.0228124 -0.00950733 0.0302497 -0.003538 0.00109537 0.0153016 0.012344 0.0272841 0.0109435 0.0135648 -0.00357594 -0.00362715 0.030901 0.0138181 0.00936369 0.012738 0.00916811 -0.00327322 0.0027873 0.00693659 0.00143383 0.0127125
internal_weight=0 63983 62160.4 3473.97 58686.5 3029.53 1822.55 444.449 724.615 471.214 253.402 10536.2 216.979 2339.49 280.104 746.515 1097.93 57126.8 434.362 2283.01 1559.66 992.902 179.942 8196.75 57067.5 56856.8 812.96 8118.18 1214.01 914.035 752.235 48562.7 2059.39 820.106 559.524 237.714
internal_count=283719 268759 265968 4949 261019 4355 2791 594 1157 756 401 14960 341 3452 463 1084 1634 258885 672 3271 2134 1463 270 11508 258794 258491 1193 11382 1831 1378 1139 216418 2989 1195 822 397
is_linear=0
shrinkage=0.302109


end of trees

feature_importances:
Age_60+=148
Sore_throat=115
Male=98
Fever=91
Shortness_of_breath=65
Cough=42
Headache=38
Contact_with_confirmed=15

parameters:
[boosting: gbdt]
[objective: binary]
[metric: auc]
[tree_learner: serial]
[device_type: cpu]
[linear_tree: 0]
[data: ]
[valid: ]
[num_iterations: 604]
[learning_rate: 0.302109]
[num_leaves: 37]
[num_threads: 0]
[deterministic: 0]
[force_col_wise: 0]
[force_row_wise: 0]
[histogram_pool_size: -1]
[max_depth: 28]
[min_data_in_leaf: 22]
[min_sum_hessian_in_leaf: 32.7188]
[bagging_fraction: 0.801164]
[pos_bagging_fraction: 1]
[neg_bagging_fraction: 1]
[bagging_freq: 0]
[bagging_seed: 3]
[feature_fraction: 0.814226]
[feature_fraction_bynode: 1]
[feature_fraction_seed: 2]
[extra_trees: 0]
[extra_seed: 6]
[early_stopping_round: 50]
[first_metric_only: 0]
[max_delta_step: 0]
[lambda_l1: 0]
[lambda_l2: 0]
[linear_lambda: 0]
[min_gain_to_split: 0]
[drop_rate: 0.1]
[max_drop: 50]
[skip_drop: 0.5]
[xgboost_dart_mode: 0]
[uniform_drop: 0]
[drop_seed: 4]
[top_rate: 0.2]
[other_rate: 0.1]
[min_data_per_group: 100]
[max_cat_threshold: 32]
[cat_l2: 10]
[cat_smooth: 10]
[max_cat_to_onehot: 4]
[top_k: 20]
[monotone_constraints: ]
[monotone_constraints_method: basic]
[monotone_penalty: 0]
[feature_contri: ]
[forcedsplits_filename: ]
[refit_decay_rate: 0.9]
[cegb_tradeoff: 1]
[cegb_penalty_split: 0]
[cegb_penalty_feature_lazy: ]
[cegb_penalty_feature_coupled: ]
[path_smooth: 0]
[interaction_constraints: ]
[verbosity: -1]
[saved_feature_importance_type: 0]
[max_bin: 90]
[max_bin_by_feature: ]
[min_data_in_bin: 3]
[bin_construct_sample_cnt: 200000]
[data_random_seed: 1]
[is_enable_sparse: 1]
[enable_bundle: 1]
[use_missing: 1]
[zero_as_missing: 0]
[feature_pre_filter: 1]
[pre_partition: 0]
[two_round: 0]
[header: 0]
[label_column: ]
[weight_column: ]
[group_column: ]
[ignore_column: ]
[categorical_feature: ]
[forcedbins_filename: ]
[objective_seed: 5]
[num_class: 1]
[is_unbalance: 1]
[scale_pos_weight: 1]
[sigmoid: 1]
[boost_from_average: 0]
[reg_sqrt: 0]
[alpha: 0.9]
[fair_c: 1]
[poisson_max_delta_step: 0.7]
[tweedie_variance_power: 1.5]
[lambdarank_truncation_level: 30]
[lambdarank_norm: 1]
[label_gain: ]
[eval_at: ]
[multi_error_top_k: 1]
[auc_mu_weights: ]
[num_machines: 1]
[local_listen_port: 12400]
[time_out: 120]
[machine_list_filename: ]
[machines: ]
[gpu_platform_id: -1]
[gpu_device_id: -1]
[gpu_use_dp: 0]
[num_gpu: 1]

end of parameters

pandas_categorical:[]
