tree
version=v3
num_class=1
num_tree_per_iteration=1
label_index=0
max_feature_idx=7
objective=binary sigmoid:1
feature_names=Cough Fever Sore_throat Shortness_of_breath Headache Age_60+ Male Contact_with_confirmed
feature_infos=[0:1] [0:1] [0:1] [0:1] [0:1] [0:1] [0:1] [0:1]
tree_sizes=6639 6747 6504 5793 5094 6140 7035 6317 6363

Tree=0
num_leaves=62
num_cat=0
split_feature=7 1 4 0 2 5 5 0 5 5 6 5 1 2 5 6 0 6 4 1 4 6 0 4 1 6 5 5 6 4 6 2 4 4 1 6 2 2 2 4 2 6 0 2 6 6 1 2 6 1 0 2 2 6 2 4 4 2 6 1 2
split_gain=97175 44298.5 20086.6 10130.4 4324.23 103.505 92.5048 86.0499 62.663 40.6527 39.2147 37.4981 30.2433 22.8583 14.73 11.6593 16.8331 11.1466 10.9729 9.59168 11.8102 9.54961 8.48917 6.12408 5.09526 4.67577 22.1947 15.2351 2.38731 2.17716 4.00056 2.10187 2.02701 1.8195 1.7425 1.62615 1.47425 1.28458 1.2799 1.27872 1.19816 1.27958 0.877586 0.820303 0.800027 0.739259 0.614416 0.557014 0.485034 1.10533 0.44173 0.432181 0.354047 0.756489 0.342921 0.339763 0.31721 0.242209 0.646016 0.215516 0.160464
threshold=1.0000000180025095e-35 1.0000000180025095e-35 1.0000000180025095e-35 1.0000000180025095e-35 1.0000000180025095e-35 inf 1.0000000180025095e-35 1.0000000180025095e-35 1.0000000180025095e-35 1.0000000180025095e-35 1.0000000180025095e-35 1.0000000180025095e-35 1.0000000180025095e-35 1.0000000180025095e-35 1.0000000180025095e-35 1.0000000180025095e-35 1.0000000180025095e-35 1.0000000180025095e-35 1.0000000180025095e-35 1.0000000180025095e-35 1.0000000180025095e-35 1.0000000180025095e-35 1.0000000180025095e-35 1.0000000180025095e-35 1.0000000180025095e-35 1.0000000180025095e-35 1.0000000180025095e-35 1.0000000180025095e-35 1.0000000180025095e-35 1.0000000180025095e-35 1.0000000180025095e-35 1.0000000180025095e-35 1.0000000180025095e-35 1.0000000180025095e-35 1.0000000180025095e-35 1.0000000180025095e-35 1.0000000180025095e-35 1.0000000180025095e-35 1.0000000180025095e-35 1.0000000180025095e-35 1.0000000180025095e-35 1.0000000180025095e-35 1.0000000180025095e-35 1.0000000180025095e-35 1.0000000180025095e-35 1.0000000180025095e-35 1.0000000180025095e-35 1.0000000180025095e-35 1.0000000180025095e-35 1.0000000180025095e-35 1.0000000180025095e-35 1.0000000180025095e-35 1.0000000180025095e-35 1.0000000180025095e-35 1.0000000180025095e-35 1.0000000180025095e-35 1.0000000180025095e-35 1.0000000180025095e-35 1.0000000180025095e-35 1.0000000180025095e-35 1.0000000180025095e-35
decision_type=2 2 2 2 2 8 8 2 8 8 2 8 2 2 8 2 2 2 2 2 2 2 2 2 2 2 10 10 2 2 2 2 2 2 2 2 2 2 2 2 2 2 2 2 2 2 2 2 2 2 2 2 2 2 2 2 2 2 2 2 2
left_child=1 2 3 4 5 25 13 9 12 10 18 22 33 21 15 16 -4 -7 59 20 47 -5 29 35 54 26 -1 -27 -8 40 -31 -22 48 57 -34 60 39 -18 -17 -21 -3 -42 -16 -26 -15 -6 -11 -12 49 -10 56 -37 -35 -54 -20 -38 -13 -9 -59 -2 -24
right_child=7 11 14 6 45 17 28 8 32 46 19 50 -14 44 42 38 37 -19 24 36 31 -23 23 -25 43 27 -28 -29 -30 30 -32 -33 34 52 -36 51 55 -39 -40 -41 41 -43 -44 -45 -46 -47 -48 -49 -50 -51 -52 -53 53 -55 -56 -57 -58 58 -60 -61 -62
leaf_value=-1.0360825705180698 1.3852130634770525 1.3436527648484866 1.3146185881846595 0.87300440597521078 1.3166291037129734 -0.89000721245211423 1.2285002099980271 1.1589368535547473 1.4082118308815752 1.4561652677156631 1.2988896761528923 1.5005796220599334 1.2819787617405038 1.1163682531914525 1.446034943949202 1.159942073446645 1.1641653338916795 -0.73834992253264931 1.3046825677080478 1.3750000208878639 1.1862214907899769 0.72591957099093629 1.2269811801722159 1.3540591029671121 1.39957263753491 -1.0392804868012386 -1.1039132275843686 -0.97976664430080807 1.3524768314549735 1.4436262271506637 1.3502263113900259 1.2856458474606189 1.3011128647524666 1.1115252091727863 1.4529459680099601 1.297235675049532 1.2477119590228709 1.0785229086766066 1.0897474321776635 1.3224390644973885 1.4498641709283926 1.3415933156208357 1.34994549313092 1.3242169130083092 1.0183926040817648 1.2551849295378985 1.4936617749871988 1.2593797903655364 1.4949403632435547 1.5100963740284137 1.4785508325145804 1.2359457527789484 1.1170497827297006 1.1964154660300408 1.2762038571458083 1.318446651503181 1.5409258455302175 1.1511047413376996 1.2259370164663939 1.3976798707388536 1.26674996406573
leaf_weight=20455.000568389893 6579.6677417755127 2083.2305574417114 1077.9500370025635 630.43503952026367 327.25697326660156 599.96857070922852 224.83798217773438 1576.7661905288696 187.39821338653564 1515.1553287506104 5999.1548461914062 582.12428283691406 1825.7433109283447 153.51867580413818 169.86836051940918 1000.4212350845337 368.90676307678223 743.78787708282471 1323.4378089904785 1121.1094274520874 881.83220195770264 581.44569110870361 494.43556499481201 897.74159240722656 517.35508155822754 20648.820400238037 3942.6232318878174 3438.2527694702148 202.09810829162598 581.92438793182373 683.15361022949219 174.53840255737305 105.08903312683105 783.58325290679932 102.12901210784912 704.56352615356445 95.389138221740723 177.87848663330078 216.51815032958984 442.29590129852295 160.95844459533691 139.72869682312012 105.62901210784912 122.40886497497559 90.939243316650391 227.41794013977051 373.20634269714355 254.8976879119873 293.7271203994751 119.48882293701172 523.71489238739014 88.769201278686523 258.23777198791504 120.78892803192139 370.93661594390869 90.849159240722656 173.27827644348145 180.49842357635498 140.64873886108398 1110.5694484710693 80.899264335632324
leaf_count=68388 5111 1710 918 832 278 1913 212 1603 141 1063 5209 381 1618 163 121 1016 373 2252 1141 883 871 858 467 727 394 69106 13465 11290 164 416 556 154 91 836 72 613 88 196 236 373 114 115 86 103 106 208 247 232 194 77 355 83 274 118 331 77 106 185 133 848 73
internal_value=0 -0.563872 -0.814895 -0.93664 -1.0071 -1.03269 0.948347 1.32321 1.23297 1.34772 1.33625 1.36851 1.19766 0.849013 1.22644 1.20872 1.25461 -0.806063 1.37192 1.29678 1.28361 0.802435 1.34072 1.30093 1.32221 -1.03897 -1.04704 -1.03079 1.28719 1.36543 1.39319 1.20265 1.44654 1.14736 1.37594 1.26608 1.35184 1.1363 1.14745 1.36013 1.3507 1.39955 1.40919 1.38515 1.07992 1.29144 1.46358 1.29728 1.4709 1.44788 1.49703 1.29038 1.12157 1.14234 1.29845 1.28222 1.50983 1.16316 1.18388 1.38701 1.23257
internal_weight=0 62578.1 55383.6 52266.4 50383.1 49828.5 1883.27 26666.9 5694.1 20972.8 19084.4 7194.52 4886.27 1456.34 3117.17 2841.67 1624.74 1343.76 10024.4 9060.07 7310.42 1211.88 5915.4 2266.41 2334.14 48484.7 24397.6 24087.1 426.936 3649 1265.08 1056.37 807.832 3060.52 207.218 1368.67 1749.64 546.785 1216.94 1563.41 2383.92 300.687 275.497 639.764 244.458 554.675 1888.36 6254.05 600.614 306.887 1279.12 793.333 1162.61 379.027 1694.37 186.238 755.403 1897.91 321.147 7690.24 575.335
internal_count=200364 177897 172181 169235 166900 166414 2335 22467 5342 17125 15815 5716 4767 1959 2946 2739 1487 4165 7928 7887 6466 1690 4874 1963 1969 162249 81853 80396 376 2911 972 1025 575 3149 163 1236 1421 569 1252 1256 1939 229 207 497 269 486 1310 5441 412 218 842 696 1228 392 1472 165 487 1921 318 5959 540
is_linear=0
shrinkage=0.82779


Tree=1
num_leaves=62
num_cat=0
split_feature=7 1 3 4 2 4 5 5 5 5 4 6 1 3 5 6 5 4 2 1 6 6 3 6 5 2 5 4 2 2 1 4 2 6 6 3 6 2 6 4 6 2 2 2 6 6 2 2 6 4 2 2 2 6 6 2 1 3 2 1 6
split_gain=9662.9 4386.12 1773.64 1626.1 501.358 231.604 59.0147 30.7638 21.5761 18.4057 17.397 18.0972 13.3698 13.3594 9.11516 7.55921 7.12026 5.58971 3.61012 3.47415 2.70012 2.61882 3.53166 2.49804 12.2112 2.35438 2.24439 1.689 1.2574 1.16375 0.973284 1.01924 0.930684 0.855207 0.8121 0.735134 0.699605 1.69698 0.689445 0.566865 0.613233 0.551583 0.515606 0.414075 0.352984 0.328113 0.327932 0.293418 0.275507 0.258302 0.149409 0.146128 0.132182 0.11956 0.110617 0.106389 1.00934 0.177859 0.104373 0.0400806 0.0318216
threshold=1.0000000180025095e-35 1.0000000180025095e-35 1.0000000180025095e-35 1.0000000180025095e-35 1.0000000180025095e-35 1.0000000180025095e-35 1.0000000180025095e-35 1.0000000180025095e-35 1.0000000180025095e-35 inf 1.0000000180025095e-35 1.0000000180025095e-35 1.0000000180025095e-35 1.0000000180025095e-35 1.0000000180025095e-35 1.0000000180025095e-35 1.0000000180025095e-35 1.0000000180025095e-35 1.0000000180025095e-35 1.0000000180025095e-35 1.0000000180025095e-35 1.0000000180025095e-35 1.0000000180025095e-35 1.0000000180025095e-35 1.0000000180025095e-35 1.0000000180025095e-35 1.0000000180025095e-35 1.0000000180025095e-35 1.0000000180025095e-35 1.0000000180025095e-35 1.0000000180025095e-35 1.0000000180025095e-35 1.0000000180025095e-35 1.0000000180025095e-35 1.0000000180025095e-35 1.0000000180025095e-35 1.0000000180025095e-35 1.0000000180025095e-35 1.0000000180025095e-35 1.0000000180025095e-35 1.0000000180025095e-35 1.0000000180025095e-35 1.0000000180025095e-35 1.0000000180025095e-35 1.0000000180025095e-35 1.0000000180025095e-35 1.0000000180025095e-35 1.0000000180025095e-35 1.0000000180025095e-35 1.0000000180025095e-35 1.0000000180025095e-35 1.0000000180025095e-35 1.0000000180025095e-35 1.0000000180025095e-35 1.0000000180025095e-35 1.0000000180025095e-35 1.0000000180025095e-35 1.0000000180025095e-35 1.0000000180025095e-35 1.0000000180025095e-35 1.0000000180025095e-35
decision_type=2 2 2 2 2 2 8 8 8 8 2 2 2 2 8 2 8 2 2 2 2 2 2 2 10 2 10 2 2 2 2 2 2 2 2 2 2 2 2 2 2 2 2 2 2 2 2 2 2 2 2 2 2 2 2 2 2 2 2 2 2
left_child=1 2 3 4 9 8 10 13 53 23 11 55 21 17 15 52 38 36 48 43 -11 22 32 24 -1 -7 -25 -15 -17 -23 31 41 -12 42 -33 39 37 -3 -6 40 -9 -8 -19 -13 -20 -16 -29 -38 -14 60 -24 -21 -5 -4 -41 57 -57 59 -35 -2 -32
right_child=6 7 5 14 16 25 30 35 -10 20 12 19 18 27 45 28 -18 33 44 51 -22 29 50 26 -26 -27 -28 46 -30 -31 49 34 -34 58 -36 -37 47 -39 -40 54 -42 -43 -44 -45 -46 -47 -48 -49 -50 -51 -52 -53 -54 -55 -56 56 -58 -59 -60 -61 -62
leaf_value=-0.31551664131250412 0.58514690986303097 0.49709242875073845 1.720755388716235 0.4899285064773729 0.46109509754321781 0.65225103336322421 0.69196620282149091 0.69539672756461535 2.1847799757710784 -0.25752817371976006 0.47660836512503157 0.51018210796941632 0.59401960795500452 0.80152834439586895 0.66677335037932695 0.39337590325060778 0.71427440284369847 0.63502927902879669 0.5026015283602987 0.56268805527272692 -0.17633585153622428 0.40947393585202585 0.64132395824228405 -0.31487963475138486 -0.37273291552949123 0.42607504884798653 -0.28953772705501157 0.63616281837580335 0.30903815987892003 0.47892496474023821 0.75476211161588491 0.67026211186300821 0.43016092275082429 0.58201053802483749 0.55239774463272906 0.82807818670159838 0.54469631889863512 0.59596315258389632 0.39801685178770285 0.80496800105565625 0.75165279188026479 0.76872815902785052 0.5803131852084451 0.47706282952510759 0.44701562135133727 0.5908185065290229 0.7206119065050286 0.50479251487032928 0.56638086602428528 0.69986215947802455 0.58123515435112161 0.53034473645129732 0.46852863202491668 1.6768728746327337 0.76056469073426158 0.55109918428665194 0.62904986865042833 0.55377974246724715 0.55596766717098811 0.57899865002381457 0.73765229549341504
leaf_weight=16248.511807471514 4455.7846491485834 811.3937548995018 113.03665861487389 761.85187578201294 292.41932877898216 95.144140213727951 996.60309162735939 236.35299336910248 98.991957128047943 493.30983376502991 1177.9959406852722 4551.4298355728388 528.87505960464478 148.39279688894749 104.89436340332031 701.42628657817841 71.946804389357567 431.44082422554493 204.27742666006088 1006.8007479310036 651.12669984996319 861.66531026363373 64.901721686124802 16393.501976311207 3033.1142181605101 47.173879817128181 2804.4152106046677 74.214280679821968 146.42168864607811 204.57826094329357 154.29685197770596 114.08255688846111 394.64252066612244 538.0008497685194 61.734135270118713 71.024275422096252 1258.0278201699257 139.38963511586189 199.90668022632599 81.086983606219292 302.99396735429764 68.556884080171585 162.44655974209309 274.26394256949425 126.92109717428684 62.011464536190033 54.756850600242615 140.35696694254875 463.92027676105499 111.88477946817875 50.354387164115906 105.77732357382774 267.13459700345993 68.221425920724869 73.103578522801399 431.63263227045536 154.59242966771126 135.5495208054781 131.15860666334629 868.11176043748856 144.00041848421097
leaf_count=69129 5514 1070 115 1007 395 109 1144 273 87 1912 1572 5925 649 148 122 989 78 516 268 1267 2253 1201 75 69900 13611 65 11398 88 219 272 169 132 544 666 79 72 1601 172 282 85 332 73 203 365 174 77 60 184 578 128 61 135 358 75 80 547 184 171 166 1080 160
internal_value=0 -0.166979 -0.250237 -0.267122 -0.303752 1.43726 0.549799 0.59607 1.87398 -0.314785 0.534479 0.550371 0.487778 0.566232 0.453172 0.436686 0.471029 0.552789 0.556138 0.517914 -0.211334 0.454916 0.475203 -0.317862 -0.324517 0.577281 -0.311178 0.741307 0.378811 0.422799 0.698823 0.687269 0.464953 0.597198 0.628877 0.747868 0.528912 0.511587 0.435482 0.739654 0.727 0.696907 0.620063 0.5083 0.4813 0.638553 0.672017 0.540691 0.581104 0.73378 0.615072 0.559613 0.484373 1.70424 0.783916 0.582253 0.571655 0.58339 0.576906 0.584144 0.746502
internal_weight=0 47308.7 42654.6 42232 40188.3 422.568 17713.2 4654.14 280.25 39624 16062.1 11983.9 4078.13 3889.58 2043.74 1876.83 564.273 3612.22 1323.99 5938.27 1144.44 2754.14 1687.89 38479.5 19281.6 142.318 19197.9 277.364 847.848 1066.24 1651.16 1240.98 1572.64 1263.05 175.817 764.562 2349.17 950.783 492.326 693.538 539.347 1065.16 593.887 4825.69 331.199 166.906 128.971 1398.38 992.795 410.182 115.256 1112.58 1028.99 181.258 154.191 6045.67 586.225 5459.45 669.159 5323.9 298.297
internal_count=200364 177897 172181 171730 168958 451 22467 5716 277 168203 20582 15188 5394 4874 2772 2573 755 4578 1669 7692 4165 3725 2252 164038 82740 174 81298 296 1208 1473 1885 1428 2116 1551 211 842 3027 1242 677 770 605 1217 719 6290 442 199 148 1785 1227 457 136 1402 1365 190 165 7496 731 6765 832 6594 329
is_linear=0
shrinkage=0.82779


Tree=2
num_leaves=59
num_cat=0
split_feature=7 0 1 3 0 2 5 5 6 2 5 1 5 1 1 5 5 2 3 1 3 1 3 5 6 6 6 3 6 5 6 6 2 2 1 1 6 6 2 1 2 6 6 6 6 6 2 1 2 2 3 2 6 2 6 6 2 6
split_gain=1063.58 516.387 440.88 231.46 83.351 66.1391 41.5823 31.6474 19.0629 17.3079 13.9858 13.4742 12.4549 11.7573 5.48526 5.4234 5.13086 5.00539 4.54116 4.09302 3.75849 3.4912 3.44948 3.36678 2.56623 2.21311 1.93474 1.7488 1.67417 1.38013 1.29712 1.24088 1.16363 0.967384 0.722465 0.678786 0.591554 0.559786 0.544421 0.484711 0.474416 0.417253 0.322045 0.108504 0.107377 0.0942148 0.0747592 0.0645425 0.0610082 0.0453896 0.0386713 0.235578 0.0812373 0.0155529 0.0125507 0.011727 0.000342184 2.56898e-05
threshold=1.0000000180025095e-35 1.0000000180025095e-35 1.0000000180025095e-35 1.0000000180025095e-35 1.0000000180025095e-35 1.0000000180025095e-35 1.0000000180025095e-35 1.0000000180025095e-35 1.0000000180025095e-35 1.0000000180025095e-35 1.0000000180025095e-35 1.0000000180025095e-35 1.0000000180025095e-35 1.0000000180025095e-35 1.0000000180025095e-35 1.0000000180025095e-35 1.0000000180025095e-35 1.0000000180025095e-35 1.0000000180025095e-35 1.0000000180025095e-35 1.0000000180025095e-35 1.0000000180025095e-35 1.0000000180025095e-35 1.0000000180025095e-35 1.0000000180025095e-35 1.0000000180025095e-35 1.0000000180025095e-35 1.0000000180025095e-35 1.0000000180025095e-35 1.0000000180025095e-35 1.0000000180025095e-35 1.0000000180025095e-35 1.0000000180025095e-35 1.0000000180025095e-35 1.0000000180025095e-35 1.0000000180025095e-35 1.0000000180025095e-35 1.0000000180025095e-35 1.0000000180025095e-35 1.0000000180025095e-35 1.0000000180025095e-35 1.0000000180025095e-35 1.0000000180025095e-35 1.0000000180025095e-35 1.0000000180025095e-35 1.0000000180025095e-35 1.0000000180025095e-35 1.0000000180025095e-35 1.0000000180025095e-35 1.0000000180025095e-35 1.0000000180025095e-35 1.0000000180025095e-35 1.0000000180025095e-35 1.0000000180025095e-35 1.0000000180025095e-35 1.0000000180025095e-35 1.0000000180025095e-35 1.0000000180025095e-35
decision_type=2 2 2 2 2 2 8 8 2 2 8 2 8 2 2 8 10 2 2 2 2 2 2 8 2 2 2 2 2 8 2 2 2 2 2 2 2 2 2 2 2 2 2 2 2 2 2 2 2 2 2 2 2 2 2 2 2 2
left_child=1 2 3 5 8 16 9 11 15 13 21 22 18 57 37 27 23 19 26 30 25 53 24 55 49 -15 40 39 -18 41 -8 -7 -24 -26 36 -12 -9 -11 -23 48 -4 -5 -25 -21 -16 -14 -41 -17 -2 -6 51 52 -13 -10 -53 -1 -28 -3
right_child=4 6 12 29 7 31 17 34 10 14 35 50 45 20 44 47 28 -19 -20 43 -22 38 32 42 33 -27 56 -29 -30 -31 -32 -33 -34 -35 -36 -37 -38 -39 -40 46 -42 -43 -44 -45 -46 -47 -48 -49 -50 -51 -52 54 -54 -55 -56 -57 -58 -59
leaf_value=-0.096268472723252688 0.30012395046568296 0.31076484288283912 0.31098400586287944 0.70100094168351335 0.0026000758238044598 0.253419932357004 0.52626190155558183 0.29224410286117652 0.21622011291115173 -0.0032296269970951254 0.38109422948432004 0.16716518310268991 0.5080030610741052 0.12158516325147989 0.21517788223225714 0.4070268994107985 -0.13981880260143983 0.27368081345479345 0.49931773932163387 0.38820082227394709 0.38651012318897404 0.28453562153299417 0.1096705790379832 -0.066074025381401794 0.052476552053264687 0.21078796734018557 0.26178625374834624 0.40823162961256154 -0.10873683917963343 0.88182917375892622 0.63556546171784056 0.16603832681896291 0.27539173452241794 0.13339727409205951 0.42068348125804056 0.47371406215829104 0.38406696776233823 0.070157359879606446 0.21694304871906273 0.32621150360550449 0.37175751444015459 0.79222794725739509 -0.036603414985479435 0.43220765513539106 0.17778839867866456 0.47632267702726766 0.30310728920782382 0.4361311865016379 0.28901594210946197 -0.011478554022641555 0.18406738365012978 0.1982946469194149 0.14793464780922327 0.20899147460157999 0.18386131315006612 -0.097348482212296014 0.26022715784352846 0.31098691332380829
leaf_weight=13699.134622141719 3217.8589634969831 748.9179652929306 527.05382694303989 94.462489146739244 658.70430594682693 268.60082197934389 160.42690987326205 99.635179281234741 3396.5463352352381 184.81112820655107 281.31764076650143 311.74819761514664 117.64175753295422 338.82887996733189 118.78235075622797 287.97532314807177 2400.1097829341888 64.268258588388562 71.500952176749706 74.981221437454224 60.185172073543072 695.41246129572392 75.968955159187317 436.70791631937027 530.55382806062698 435.59910184144974 805.40783552825451 110.72219106554985 2350.2882886305451 61.290775179862976 138.73081538081169 190.22796043008566 46.993361175060272 125.10248965024948 109.83979772776365 67.166150361299515 92.906020693480968 115.8835448436439 92.517074875533581 602.43179941177368 105.66365548968315 53.991505317389965 607.59123922884464 78.677226737141609 94.509774602949619 141.930020570755 114.15135835856199 63.775108382105827 378.68093215674162 205.9910768866539 86.342320866882801 104.10728976875544 291.06727243959904 216.98699794709682 68.411716885864735 13858.776289910078 109.5862859338522 682.04808992147446
leaf_count=69004 5789 1205 938 118 1297 473 222 191 6080 359 528 590 217 648 225 535 13508 127 124 146 107 1256 141 1912 1001 805 1462 187 11298 57 171 334 79 229 210 125 174 209 165 1087 190 61 2252 151 178 270 205 122 660 402 160 191 553 386 124 69812 197 1117
internal_value=0 -0.0392262 -0.0680183 -0.0895757 0.239498 -0.0949534 0.274315 0.114145 0.276443 0.234216 0.239311 0.0836086 0.322345 0.265329 0.097075 0.313375 -0.0992475 0.489863 0.29536 0.520546 0.187246 0.226673 0.0396463 -0.0950633 0.0288605 0.17176 0.285937 0.305508 -0.124441 0.777325 0.57695 0.217192 0.173005 0.0679166 0.367112 0.398946 0.336551 0.0250527 0.276599 0.302871 0.321133 0.734179 -0.0489275 0.410733 0.198611 0.490681 0.322531 0.412304 0.298954 -0.00075379 0.16745 0.165599 0.15788 0.215786 0.192571 -0.0968116 0.2616 0.310871
internal_weight=0 39196.6 35900 34021.2 12332.9 33811.4 3296.65 2807.37 9525.54 2779.57 4749.95 2504.99 1878.78 2265.58 513.987 4775.6 33352.6 517.084 1619.21 452.816 834.613 4401.46 1643.31 28602.2 1520.35 774.428 1547.71 4423.85 4750.4 209.745 299.158 458.829 122.962 655.656 302.381 348.484 192.541 300.695 787.93 4313.12 632.717 148.454 1044.3 153.658 213.292 259.572 716.583 351.75 3596.54 864.695 861.677 775.334 602.815 3613.53 172.519 27557.9 914.994 1430.97
internal_count=200364 177897 172227 168829 22467 168593 5670 5342 17125 4853 8540 4767 3398 3882 971 8585 167786 817 2911 690 1560 7887 3149 142980 2929 1453 2787 7928 24806 236 393 807 220 1230 575 653 365 568 1421 7741 1128 179 4164 297 403 487 1292 657 6449 1699 1618 1458 1143 6466 315 138816 1659 2322
is_linear=0
shrinkage=0.82779


Tree=3
num_leaves=52
num_cat=0
split_feature=7 4 3 1 5 2 5 4 5 2 3 6 6 1 3 1 6 4 6 6 1 6 1 6 5 1 6 6 3 2 2 2 3 1 6 6 5 5 6 1 2 6 6 6 2 2 6 2 6 1 2
split_gain=71.7347 69.8284 26.9677 15.7513 8.52645 7.23041 10.0014 4.92433 4.58379 3.9042 3.16171 2.3117 2.09775 2.08762 2.36206 1.84085 1.78476 1.14344 1.02267 0.705168 0.407723 0.403309 0.30176 0.266436 0.225625 0.225165 0.224364 0.184359 0.377628 0.251084 0.161941 0.131946 0.23593 0.207919 0.13022 0.112577 0.143691 0.123994 0.106318 0.104222 0.0827843 0.272709 0.168884 0.0817031 0.07599 0.0742059 0.0430965 0.0055498 0.00523699 0.00105511 0.000993859
threshold=1.0000000180025095e-35 1.0000000180025095e-35 1.0000000180025095e-35 1.0000000180025095e-35 1.0000000180025095e-35 1.0000000180025095e-35 1.0000000180025095e-35 1.0000000180025095e-35 1.0000000180025095e-35 1.0000000180025095e-35 1.0000000180025095e-35 1.0000000180025095e-35 1.0000000180025095e-35 1.0000000180025095e-35 1.0000000180025095e-35 1.0000000180025095e-35 1.0000000180025095e-35 1.0000000180025095e-35 1.0000000180025095e-35 1.0000000180025095e-35 1.0000000180025095e-35 1.0000000180025095e-35 1.0000000180025095e-35 1.0000000180025095e-35 inf 1.0000000180025095e-35 1.0000000180025095e-35 1.0000000180025095e-35 1.0000000180025095e-35 1.0000000180025095e-35 1.0000000180025095e-35 1.0000000180025095e-35 1.0000000180025095e-35 1.0000000180025095e-35 1.0000000180025095e-35 1.0000000180025095e-35 1.0000000180025095e-35 1.0000000180025095e-35 1.0000000180025095e-35 1.0000000180025095e-35 1.0000000180025095e-35 1.0000000180025095e-35 1.0000000180025095e-35 1.0000000180025095e-35 1.0000000180025095e-35 1.0000000180025095e-35 1.0000000180025095e-35 1.0000000180025095e-35 1.0000000180025095e-35 1.0000000180025095e-35 1.0000000180025095e-35
decision_type=2 2 2 2 8 2 8 2 8 2 2 2 2 2 2 2 2 2 2 2 2 2 2 2 8 2 2 2 2 2 2 2 2 2 2 2 10 10 2 2 2 2 2 2 2 2 2 2 2 2 2
left_child=1 2 3 9 7 6 10 12 21 24 16 -4 31 27 40 46 49 20 -8 -10 43 30 -18 -17 35 45 -19 28 50 -29 -5 32 33 -2 -11 36 -1 -37 -22 -33 42 -42 -15 -6 -23 -14 -7 -27 -26 -3 -9
right_child=4 5 11 8 17 15 18 13 19 34 -12 -13 25 14 -16 23 22 26 -20 -21 38 44 -24 -25 48 47 -28 29 -30 -31 -32 39 -34 -35 -36 37 -38 -39 -40 -41 41 -43 -44 -45 -46 -47 -48 -49 -50 -51 -52
leaf_value=-0.022458400811318401 0.095500644050873662 0.17573190801751068 0.35511230374990915 0.02372091847674139 0.15326979449271641 0.018059411674876062 0.42763806240138807 0.022922285225848719 0.12339647489926246 0.076463309862614848 -0.031072108295591511 0.17925628602246593 0.062344719592097662 0.10561220031160462 -0.084064711930990146 0.13625804158730037 0.13179599532669828 0.11647903186772367 0.28255796068587513 0.21800100111886944 0.24234143221644272 0.060575896154930281 0.099252464418796343 0.076138918315418219 -0.011643695428265394 0.079271029606667001 0.045940761933048288 0.0030853372487312995 0.08917461760290836 0.042928573967480531 0.065668965556197945 0.10031071362154992 0.045905504337197763 0.076584590843117015 0.045299979650230089 -0.021320826819449374 -0.029604911166422054 -0.014697776631159369 0.19289865132093315 0.13426358607482103 0.043378482431474193 0.10859676128631789 0.075731492669592865 0.17502738231686887 0.034466547043438558 0.044926260319802978 -0.001045548555096486 0.071185943335392673 -0.0078357001276446788 0.17362082304095955 0.024778046496092186
leaf_weight=13052.276189550757 2459.3980293869972 548.91386391222477 121.51076946035028 493.91009166836739 231.18548903614283 209.01069118827581 83.670799221843481 746.2601628229022 98.556178107857704 217.17102555930614 71.773211311548948 88.549509235657752 2831.8465040177107 265.48204033076763 61.057699598371983 115.20543568208814 555.73673852533102 82.665503107011318 55.296662174165249 119.39373090863228 61.898488450795412 729.23205989599228 300.98368315398693 89.956320159137249 422.13856276869774 571.91017013788223 49.34225906431675 600.57078252732754 63.584787949919701 132.24537737667561 72.2934615239501 257.57273748517036 76.612747177481651 475.09127643704414 159.26459918916225 13158.105523347855 2261.9880379140377 2271.3357433080673 57.472189590334892 81.569718658924103 105.80248309671879 75.132342785596848 253.25448216497898 242.12810315191746 85.321383565664291 178.13660012930632 132.00761042535305 64.764600917696953 598.10649494826794 230.28933234512806 269.0464771091938
leaf_count=69129 5514 1007 264 1070 594 429 180 1572 273 441 190 213 5925 597 142 267 989 212 129 332 169 1601 666 202 1912 1267 127 1201 136 272 172 547 171 1080 314 69900 13611 11398 160 184 228 151 551 623 184 365 255 135 2253 516 544
internal_value=0 -0.00506562 -0.0146989 -0.0165398 0.0732139 0.131609 0.156356 0.0666578 0.0636561 -0.0205289 0.138978 0.280981 0.0780438 0.0356883 0.07208 0.0479392 0.146438 0.159786 0.369909 0.175221 0.175304 0.0460458 0.120363 0.109898 -0.0215221 0.0643054 0.090113 0.0204076 0.0272897 0.0102755 0.0290769 0.0929976 0.0912542 0.0924382 0.0632785 -0.021924 -0.023514 -0.0203459 0.218537 0.108477 0.0857062 0.0704601 0.091024 0.1644 0.057841 0.0613139 0.0106639 0.0784486 -0.0094113 0.175108 0.023414
internal_weight=0 36342 33949.2 33739.1 10294 2392.84 1846.66 9569.34 1598.71 32140.4 1707.7 210.06 6996.9 2572.44 760.729 546.18 1635.92 724.692 138.967 217.95 592.684 1380.76 856.72 205.162 31764 3646.66 132.008 1811.71 1078.89 732.816 566.204 3350.24 3011.1 2934.49 376.436 30743.7 15314.3 15429.4 119.371 339.142 699.671 180.935 518.737 473.314 814.553 3009.98 341.018 636.675 1020.25 779.203 1015.31
internal_count=200364 177897 173067 172590 22467 4830 3677 20582 3632 168958 3368 477 15188 5394 1669 1153 3178 1885 309 605 1546 3027 1655 469 168203 7692 339 3725 2252 1473 1242 7496 6765 6594 755 164038 82740 81298 329 731 1527 379 1148 1217 1785 6290 684 1402 4165 1523 2116
is_linear=0
shrinkage=0.82779


Tree=4
num_leaves=45
num_cat=0
split_feature=7 0 0 4 4 3 1 3 1 2 2 1 2 1 5 5 4 5 2 1 4 5 2 1 2 3 1 2 2 5 1 2 2 5 1 5 5 1 5 2 1 2 5 1
split_gain=2.84893 8.81824 7.43783 31.0429 25.4788 21.7146 27.4131 19.8248 13.7736 16.3345 9.41847 4.34741 3.67841 4.47046 2.84681 2.27285 2.10318 3.34902 1.96107 1.53654 1.03737 1.32249 1.01334 0.875843 0.723927 0.655923 0.59775 0.552013 0.397425 0.576187 0.298347 0.293513 0.246773 0.211571 0.174166 0.126297 0.119004 0.097611 0.0857699 0.975946 0.0423659 0.0231376 0.00697086 0.00512058
threshold=1.0000000180025095e-35 1.0000000180025095e-35 1.0000000180025095e-35 1.0000000180025095e-35 1.0000000180025095e-35 1.0000000180025095e-35 1.0000000180025095e-35 1.0000000180025095e-35 1.0000000180025095e-35 1.0000000180025095e-35 1.0000000180025095e-35 1.0000000180025095e-35 1.0000000180025095e-35 1.0000000180025095e-35 1.0000000180025095e-35 1.0000000180025095e-35 1.0000000180025095e-35 1.0000000180025095e-35 1.0000000180025095e-35 1.0000000180025095e-35 1.0000000180025095e-35 1.0000000180025095e-35 1.0000000180025095e-35 1.0000000180025095e-35 1.0000000180025095e-35 1.0000000180025095e-35 1.0000000180025095e-35 1.0000000180025095e-35 1.0000000180025095e-35 1.0000000180025095e-35 1.0000000180025095e-35 1.0000000180025095e-35 1.0000000180025095e-35 1.0000000180025095e-35 1.0000000180025095e-35 1.0000000180025095e-35 1.0000000180025095e-35 1.0000000180025095e-35 1.0000000180025095e-35 1.0000000180025095e-35 1.0000000180025095e-35 1.0000000180025095e-35 1.0000000180025095e-35 1.0000000180025095e-35
decision_type=2 2 2 2 2 2 2 2 2 2 2 2 2 2 8 8 2 8 2 2 2 10 2 2 2 2 2 2 2 8 2 2 2 10 2 10 8 2 8 2 2 2 10 2
left_child=2 20 4 5 7 6 10 11 9 -5 14 24 13 15 -4 -6 17 22 19 -18 26 32 25 -24 33 34 31 42 29 -13 -20 35 43 36 -3 -2 -1 -14 39 -8 -34 -10 -28 -22
right_child=1 16 3 8 12 -7 38 -9 41 -11 -12 28 37 -15 -16 -17 18 -19 30 -21 21 -23 23 -25 -26 -27 27 -29 -30 -31 -32 -33 40 -35 -36 -37 -38 -39 -40 -41 -42 -43 -44 -45
leaf_value=-0.011325944341132987 0.031651274861443514 -0.068308186228065393 0.18420536106683072 -0.32844096498707709 0.1460373207177296 -0.41994448335855794 -0.026659731315984644 0.33542728595092852 0.031730822014722736 0.0019898286640512093 -0.022777051201051429 0.032037516235829289 0.001830089750041056 0.043483023302077158 0.29446006783573231 0.330350132712464 -0.0010674067029543153 0.075363075317205458 -0.031713963481377644 0.081688165390936027 0.0027072118775256825 0.12906834226602931 -0.038470162420338669 0.086515800862641434 0.036178620811232659 0.012243504471700674 0.064668588514162004 -0.0056683623307414825 0.095380254201946818 0.098990877163888644 -0.083373039226494111 0.058633691015060961 0.022164593707606241 -0.017247959550573795 -0.091629099899440639 0.014082765498168757 -0.0021781954890699577 0.03758708011878166 -0.010025104269093062 -0.139472696205204 0.044276941563386733 0.017063706569335792 0.054682399149543981 -0.0011828924189567992
leaf_weight=24898.25893214345 4276.3878545314074 718.65061521530151 978.12476861476898 260.83742104098201 785.46458564698696 54.331969208084047 464.0396216660738 114.38333643786609 215.84791595116258 168.8933085873723 142.97035808861256 716.1224265396595 169.53726422786713 334.15754874050617 191.96912807971239 48.687676232308149 458.53978659957647 137.42108393833041 202.5634880438447 231.28858818113804 933.41261783987284 63.223057106137276 151.77564086019993 51.439641609787941 216.5100961625576 61.977217741310596 667.60211020708084 87.538414523005486 100.73646378144622 100.42788345366716 123.19952925294638 269.03093752264977 224.38473875075579 4283.6331884860992 315.89723132550716 300.06436921656132 1014.1695092469454 75.660285037010908 78.092990223318338 59.257120586931705 80.735419526696205 111.91227179020643 51.601311683654785 308.4990718960762
leaf_count=137409 9969 1517 1620 691 1466 225 1022 252 534 326 289 1649 358 881 306 105 904 412 415 512 2013 174 318 114 466 131 1616 220 246 330 282 623 485 24705 737 903 4163 197 246 139 180 272 174 768
internal_value=0 0.015761 -0.000232818 0.0413151 -0.00368014 0.0961056 0.110751 -0.00856743 -0.10109 -0.198575 0.177788 -0.00982334 0.10504 0.124386 0.202294 0.156795 -0.0271531 -0.04753 0.00168225 0.0266792 0.0302544 0.0117188 -0.0605235 -0.00683261 -0.0115168 -0.0704738 0.0355349 0.0563977 0.0463241 0.0402721 -0.0512508 0.0320614 0.00692302 -0.0118588 -0.0754292 0.0304994 -0.0109679 0.0128636 -0.0356155 -0.0394345 0.0280156 0.0267228 0.0639521 0.00174088
internal_weight=0 9715.23 35584 2726.28 32857.7 1968.79 1914.45 31444.2 757.491 429.731 1313.06 31329.9 1413.51 1168.31 1170.09 834.152 2452.75 1437.16 1015.59 689.828 7262.48 1610.25 1299.74 203.215 30412.6 1096.53 5652.22 806.742 917.287 816.55 325.763 4845.48 1547.03 30196.1 1034.55 4576.45 25912.4 245.198 601.39 523.297 305.12 327.76 719.203 1241.91
internal_count=200364 22467 177897 5670 172227 3847 3622 169220 1823 1017 2215 168968 3007 2452 1926 1571 5342 3229 2113 1416 17125 3620 2817 432 166743 2385 13505 2010 2225 1979 697 11495 3446 166277 2254 10872 141572 555 1407 1161 665 806 1790 2781
is_linear=0
shrinkage=0.82779


Tree=5
num_leaves=54
num_cat=0
split_feature=3 2 5 7 6 7 4 0 6 7 5 6 2 7 5 0 7 5 2 6 2 6 2 2 2 7 7 6 2 5 5 5 6 4 0 7 2 5 4 2 2 6 7 6 6 5 5 7 2 7 7 5 5
split_gain=0.527093 1.43001 1.5842 0.345691 0.484986 0.314493 0.288576 0.946309 2.52253 2.60443 1.29208 1.51989 1.19472 0.737993 0.715765 0.586275 1.26832 1.03561 0.86336 0.680078 0.572688 0.520613 0.714649 0.480911 0.459605 0.563534 0.42737 0.980959 0.611368 0.428103 0.346846 0.33526 0.277037 0.249175 0.186759 0.161141 0.1311 0.121198 0.11322 0.0774004 0.0745098 0.0575972 0.0269668 0.0267985 0.0214552 0.0104806 0.00613014 0.00602811 0.00599291 0.00194678 0.000666919 0.000209892 1.55492e-06
threshold=1.0000000180025095e-35 1.0000000180025095e-35 1.0000000180025095e-35 1.0000000180025095e-35 1.0000000180025095e-35 1.0000000180025095e-35 1.0000000180025095e-35 1.0000000180025095e-35 1.0000000180025095e-35 1.0000000180025095e-35 1.0000000180025095e-35 1.0000000180025095e-35 1.0000000180025095e-35 1.0000000180025095e-35 1.0000000180025095e-35 1.0000000180025095e-35 1.0000000180025095e-35 1.0000000180025095e-35 1.0000000180025095e-35 1.0000000180025095e-35 1.0000000180025095e-35 1.0000000180025095e-35 1.0000000180025095e-35 1.0000000180025095e-35 1.0000000180025095e-35 1.0000000180025095e-35 1.0000000180025095e-35 1.0000000180025095e-35 1.0000000180025095e-35 1.0000000180025095e-35 1.0000000180025095e-35 1.0000000180025095e-35 1.0000000180025095e-35 1.0000000180025095e-35 1.0000000180025095e-35 1.0000000180025095e-35 1.0000000180025095e-35 1.0000000180025095e-35 1.0000000180025095e-35 1.0000000180025095e-35 1.0000000180025095e-35 1.0000000180025095e-35 1.0000000180025095e-35 1.0000000180025095e-35 1.0000000180025095e-35 1.0000000180025095e-35 1.0000000180025095e-35 1.0000000180025095e-35 1.0000000180025095e-35 1.0000000180025095e-35 1.0000000180025095e-35 inf 1.0000000180025095e-35
decision_type=2 2 8 2 2 2 2 2 2 2 10 2 2 2 10 2 2 8 2 2 2 2 2 2 2 2 2 2 2 8 10 8 2 2 2 2 2 10 2 2 2 2 2 2 2 10 8 2 2 2 2 8 10
left_child=6 2 3 4 33 -3 15 8 9 20 11 12 13 -9 24 26 17 18 19 -17 -8 30 31 49 42 -26 40 29 37 48 36 -23 -19 -2 -5 -25 -18 -29 -36 -11 41 51 -10 -42 -20 46 -43 -12 -28 -13 -14 52 -1
right_child=1 5 -4 34 -6 -7 7 10 14 39 47 23 50 -15 -16 16 21 32 44 -21 -22 22 -24 35 25 -27 27 28 -30 -31 -32 -33 -34 -35 38 -37 -38 -39 -40 -41 43 45 -44 -45 -46 -47 -48 -49 -50 -51 -52 -53 -54
leaf_value=-0.0030106339957661505 0.055149683930672086 -0.077212903984594836 0.16632593898596365 -0.026056040475640578 0.10576755497408236 -0.0064162410318619545 0.096574413899409947 -0.081901522159415638 -0.023277154058411659 0.01580575659244652 -0.10865310329258195 0.043551974213730159 0.017355188708164222 -0.021828354278050105 0.08943239661699276 0.043908633518397022 -0.012286868784438205 0.050026052054333178 -0.042207120241883458 0.0071427757388367414 0.033786298119265611 -0.0077585117645065874 0.077222120035962322 0.016303884018290239 -0.020125596795559853 0.066271324069979334 0.015849366934918386 0.00019027480522319464 -0.0565124753325012 0.058255658547243197 -0.082381952061458957 0.064592402736516077 0.10507717465596957 -0.02579675959769662 0.0021746666256118384 -0.035099817064631507 -0.043673251748544702 -0.022190535868711225 0.054467726553527072 -0.0031373354816548794 0.0036424939519588569 -0.00057153362345617833 -0.015133210456252658 0.019202545530473424 -0.024722620619734226 -0.0024025842869358697 0.0021448514686723688 -0.095497330955756979 0.010838471657934843 0.040181138591474597 0.014934033912819193 -0.0024123773802112161 -0.0029864670066306691
leaf_weight=12574.305710956454 58.28524062409997 77.837336045689881 68.398493049666286 78.827531903982162 75.822823733091354 96.054098825901747 462.93802481144667 242.73840441554785 544.60243247449398 668.15371821820736 45.687357857823372 222.68958351016045 135.66994172334671 331.50265725702047 48.991124220192432 664.21690580248833 577.66293989121914 140.47789972275496 104.86651776731014 716.80094949901104 126.80761155486107 516.29680773615837 91.594948526471853 81.9738460034132 102.76641737669706 104.17324779182673 2114.3415906727314 2636.141646631062 144.03056764602661 172.2247806712985 60.991825118660927 47.963824551552534 113.0461705699563 47.129124380648136 61.411055892705917 85.243973717093468 108.28775628656149 176.92820873111486 52.732582829892635 189.78483847156167 156.32586745917797 12845.339582890272 570.44321510568261 147.32160434871912 88.827054113149643 2193.6957669109106 595.68212561309338 49.970298565924168 177.26006205379963 248.31875777244568 183.27204967290163 418.15851694345474 2133.9286630153656
leaf_count=68970 157 211 219 200 187 221 1082 551 1186 1572 143 469 283 689 148 1229 1199 312 215 1413 298 1056 195 169 217 224 5396 6056 332 530 197 155 277 120 131 180 233 555 109 428 382 70088 1225 330 176 11445 2253 140 453 498 360 1912 13588
internal_value=0 0.0254991 0.0504884 0.0293154 0.0552769 -0.0381063 0.00112616 0.00745084 0.0166267 0.0407254 -0.00844501 -0.0026149 -0.0246593 -0.047222 -0.00882041 0.000418202 0.0111057 0.025472 0.0175668 0.0248258 0.0830737 -0.00761764 0.00940079 0.0282357 -0.0124615 0.0233665 -0.000528239 0.00625377 -0.00391061 0.0184531 -0.0225607 -0.00160847 0.0745733 0.0189598 0.00493255 -0.00990059 -0.0172417 -0.00121737 0.0263332 0.0116153 -0.00171173 -0.0018391 -0.0191108 0.0111918 -0.0341888 -0.000724953 -0.000451148 -0.101781 0.0154618 0.0417748 0.0159639 -0.00299069 -0.00300713
internal_weight=0 616.498 442.607 374.208 181.237 173.891 44162.4 4445.73 2818.66 1447.68 1627.07 1531.41 893.183 574.241 1370.98 39716.7 3231.03 1828.24 1574.71 1381.02 589.746 1402.8 655.856 638.226 1321.99 206.94 36485.7 5420.93 2957.1 2463.83 746.943 564.261 253.524 105.414 192.971 167.218 685.951 2813.07 114.144 857.939 31064.8 30761.1 1115.05 303.647 193.694 15634.7 13441 95.6577 2291.6 471.008 318.942 15126.4 14708.2
internal_count=200364 1555 1123 904 464 432 198809 9862 6380 3380 3482 3199 1883 1240 3000 188947 6657 3622 3033 2642 1380 3035 1406 1316 2852 441 182290 13322 6943 6379 1629 1211 589 277 440 349 1432 6611 240 2000 168968 168256 2411 712 391 83786 72341 283 5849 967 643 84470 82558
is_linear=0
shrinkage=0.82779


Tree=6
num_leaves=62
num_cat=0
split_feature=1 3 4 3 6 4 2 0 6 6 2 0 4 7 6 6 4 6 6 0 4 6 7 6 6 0 4 6 2 7 6 4 7 6 2 2 6 2 2 6 6 7 4 4 7 2 7 6 7 2 2 7 2 2 7 7 7 2 2 7 2
split_gain=0.125075 3.71824 3.30649 1.98735 1.55518 2.52807 1.60262 2.24175 0.961787 0.320532 0.172918 0.170289 0.841266 0.362671 0.673413 0.350888 0.287838 0.485161 0.163681 0.138709 0.132237 0.608212 0.509901 0.397566 0.0731799 0.0703037 0.494047 0.338574 0.492909 0.313755 0.50821 0.275814 0.0840114 0.0512404 0.176266 0.052698 0.0409917 0.0433905 0.0369032 0.0653998 0.0350684 0.0289408 0.128581 0.0679763 0.0256039 0.0135095 0.0129844 0.0545502 0.00982065 0.00932659 0.00847498 0.00687702 0.0254349 0.0181947 0.00640413 0.00421243 0.00377545 0.00315051 0.00292838 0.00185836 0.000600616
threshold=1.0000000180025095e-35 1.0000000180025095e-35 1.0000000180025095e-35 1.0000000180025095e-35 1.0000000180025095e-35 1.0000000180025095e-35 1.0000000180025095e-35 1.0000000180025095e-35 1.0000000180025095e-35 1.0000000180025095e-35 1.0000000180025095e-35 1.0000000180025095e-35 1.0000000180025095e-35 1.0000000180025095e-35 1.0000000180025095e-35 1.0000000180025095e-35 1.0000000180025095e-35 1.0000000180025095e-35 1.0000000180025095e-35 1.0000000180025095e-35 1.0000000180025095e-35 1.0000000180025095e-35 1.0000000180025095e-35 1.0000000180025095e-35 1.0000000180025095e-35 1.0000000180025095e-35 1.0000000180025095e-35 1.0000000180025095e-35 1.0000000180025095e-35 1.0000000180025095e-35 1.0000000180025095e-35 1.0000000180025095e-35 1.0000000180025095e-35 1.0000000180025095e-35 1.0000000180025095e-35 1.0000000180025095e-35 1.0000000180025095e-35 1.0000000180025095e-35 1.0000000180025095e-35 1.0000000180025095e-35 1.0000000180025095e-35 1.0000000180025095e-35 1.0000000180025095e-35 1.0000000180025095e-35 1.0000000180025095e-35 1.0000000180025095e-35 1.0000000180025095e-35 1.0000000180025095e-35 1.0000000180025095e-35 1.0000000180025095e-35 1.0000000180025095e-35 1.0000000180025095e-35 1.0000000180025095e-35 1.0000000180025095e-35 1.0000000180025095e-35 1.0000000180025095e-35 1.0000000180025095e-35 1.0000000180025095e-35 1.0000000180025095e-35 1.0000000180025095e-35 1.0000000180025095e-35
decision_type=2 2 2 2 2 2 2 2 2 2 2 2 2 2 2 2 2 2 2 2 2 2 2 2 2 2 2 2 2 2 2 2 2 2 2 2 2 2 2 2 2 2 2 2 2 2 2 2 2 2 2 2 2 2 2 2 2 2 2 2 2
left_child=3 10 9 25 6 -6 7 -5 -4 -3 11 16 13 15 -15 -13 24 55 56 41 23 22 -22 -21 48 31 29 51 54 33 45 46 36 35 -35 -27 57 -38 39 -34 -40 42 -12 -43 -30 -31 60 50 -2 -32 -48 52 -28 -53 -29 -18 -14 -33 -49 -26 -1
right_child=1 2 8 4 5 -7 -8 -9 -10 -11 19 12 18 14 -16 -17 17 -19 -20 20 21 -23 -24 -25 59 26 27 28 44 30 49 32 38 34 -36 -37 37 -39 40 -41 -42 43 -44 -45 -46 -47 47 58 -50 -51 -52 53 -54 -55 -56 -57 -58 -59 -60 -61 -62
leaf_value=-0.00057184748127967746 0.0033637868953698448 0.16187021540913363 0.06506124908208491 0.10770780022026012 -0.24591387759716299 0.0067802586012334918 -0.13202005337606057 -0.081695151160399035 -0.082013879513097757 0.24752450867235185 0.01103731570755557 -0.06287212213180883 0.00091462615926042525 0.028856635825558686 -0.041598581614438419 -0.019956968180475418 0.016362636080552575 -0.03465069526176974 0.038951645373301938 0.088657888496840906 -0.090785764731723784 0.066121320807074349 0.019543561449084673 -0.0045017913843650751 0.013155256485601773 0.022433261326275607 -0.0012256127310672055 -0.0080387877111279 -0.091403584881739899 -0.018588387736083345 0.019421681712318364 0.022945025545069608 0.00077081346048717559 0.019558579710340734 -0.028717161453708451 0.044137654304953318 0.01372907819614007 -0.0087255413500312712 0.0023153118357704633 0.01458884052517241 -0.020357464675869817 -0.0093574167988225865 -0.036418473849153254 0.025133838717161339 -0.065472857806450901 -0.0077871648718328074 0.0035921666270703205 -0.001849500795066126 -0.0033223413945677651 0.030064674388111997 0.010255897239573913 0.0028998096301479084 0.015761559633995292 -0.0093645321001721224 -0.015680683383912337 0.0096546801246871292 0.0081426648632125891 0.017459589157989112 0.0025242418968562459 0.010685908667135618 -0.0019804145201048891
leaf_weight=29936.140564903617 313.13068632781506 65.198892202228308 83.484932117164135 90.617899768054485 66.246459848247468 45.944629233330488 67.888778181746602 81.182939473539591 47.976856533437967 55.354374192655087 92.13228651881218 235.94889368489385 95.257562316954136 191.25620496273041 180.87287141382694 292.26787139475346 110.11785199865699 346.7902593947947 183.95109164714813 65.559842146933079 50.569099687039852 78.257969662547112 66.386569879949093 60.226759761571884 477.75045564770699 527.51688668131828 181.78202863037586 134.19704304635525 51.311905756592751 444.9289518147707 383.56664033979177 318.09494441747665 506.07789042592049 518.20574473589659 57.585607573390007 89.687412917613983 387.79503135383129 69.543911956250668 149.26379282400012 437.70093483105302 68.061548445373774 84.143728129565716 67.999105650931597 73.230341751128435 53.088410347700119 96.569516524672508 1952.4098434522748 2445.140761166811 289.89549596607685 66.150650195777416 140.16990102082491 258.66083617508411 90.452279277145863 121.97685331106186 170.76669768989086 153.67026524618268 103.12897787243128 92.641352042555809 109.59805699437857 371.01488794386387 208.88219659030437
leaf_count=166277 780 181 203 232 197 100 172 205 123 142 246 537 234 431 414 704 348 876 444 151 131 170 142 135 1199 962 372 272 104 929 797 734 1165 964 114 175 775 134 331 893 155 209 184 171 112 200 5110 5655 791 144 362 505 174 236 338 407 248 207 239 956 466
internal_value=0 0.00467384 0.102185 -5.42812e-05 -0.0619928 -0.14243 -0.0243426 0.0182071 0.0113863 0.2012 -0.00149509 -0.00387788 -0.0113671 -0.0251819 -0.00538803 -0.0391267 0.000780009 -0.0142997 0.0211647 0.010988 0.0231223 0.00963558 -0.0281605 0.0440529 0.00712205 0.000489669 0.00418248 -0.0104607 -0.0291244 0.0113038 0.000419477 0.000164085 0.00954529 0.0203473 0.0147305 0.0255872 0.0157054 0.0103146 0.00493984 0.00717927 -0.00478531 -0.00127979 -0.00911458 0.00669228 -0.0782176 -0.0166621 -0.000383052 0.00090489 0.000149534 0.0209872 0.00403853 0.00124172 0.00441853 -0.00103035 -0.0123179 0.0124549 0.00467204 0.0217078 -0.00166187 0.0120758 -0.000581608
internal_weight=0 4235.57 252.015 40419.8 351.881 112.191 239.69 171.801 131.462 120.553 3983.56 3345.05 1282.68 900.346 372.129 528.217 2062.37 610.578 382.338 638.506 321 195.214 116.956 125.787 1451.79 40068 3246.45 1062.24 409.364 2184.21 991.216 36821.5 2029.18 1193 575.791 617.204 868.075 457.339 1161.1 943.779 217.325 317.505 160.131 157.374 104.4 541.498 34792.3 4647.32 603.026 449.717 2092.58 652.872 272.234 380.638 304.964 263.788 198.387 410.736 2554.74 848.765 30145
internal_count=200364 10557 649 189807 906 297 609 437 326 323 9908 8369 3012 2086 845 1241 5357 1631 926 1539 729 443 273 286 3726 188901 6398 2113 826 4285 2070 182503 4394 2215 1078 1137 1850 909 2544 2058 486 810 430 380 216 1129 178109 11366 1571 941 5472 1287 546 741 610 755 482 941 5894 2155 166743
is_linear=0
shrinkage=0.82779


Tree=7
num_leaves=55
num_cat=0
split_feature=5 3 0 4 4 1 1 2 6 2 6 4 5 1 0 2 1 1 0 6 6 0 0 5 2 1 0 2 0 6 1 6 1 1 6 0 0 1 6 0 6 1 6 0 0 6 1 1 6 6 6 0 0 6
split_gain=0.0783712 0.0387179 0.715877 2.515 1.64055 9.21154 3.82824 0.113296 0.0149983 0.0125509 0.00239597 0.00134785 0.0367938 1.37619 0.265688 0.168667 0.0938821 0.0198994 0.0207374 0.0210668 0.0173521 0.0459699 0.0129299 0.00662548 3.50109 0.355696 0.821773 0.243481 0.0609662 0.138371 0.304127 0.119169 0.174711 0.0813531 0.0491755 0.891536 0.464734 0.0349385 0.0326439 0.0213902 0.0734271 0.0334371 0.000509163 0.113808 0.105845 0.000441247 0.000398099 0.000164196 0.00055395 0.000117768 6.50425e-05 0.0243269 0.0194121 1.58978e-06
threshold=inf 1.0000000180025095e-35 1.0000000180025095e-35 1.0000000180025095e-35 1.0000000180025095e-35 1.0000000180025095e-35 1.0000000180025095e-35 1.0000000180025095e-35 1.0000000180025095e-35 1.0000000180025095e-35 1.0000000180025095e-35 1.0000000180025095e-35 1.0000000180025095e-35 1.0000000180025095e-35 1.0000000180025095e-35 1.0000000180025095e-35 1.0000000180025095e-35 1.0000000180025095e-35 1.0000000180025095e-35 1.0000000180025095e-35 1.0000000180025095e-35 1.0000000180025095e-35 1.0000000180025095e-35 1.0000000180025095e-35 1.0000000180025095e-35 1.0000000180025095e-35 1.0000000180025095e-35 1.0000000180025095e-35 1.0000000180025095e-35 1.0000000180025095e-35 1.0000000180025095e-35 1.0000000180025095e-35 1.0000000180025095e-35 1.0000000180025095e-35 1.0000000180025095e-35 1.0000000180025095e-35 1.0000000180025095e-35 1.0000000180025095e-35 1.0000000180025095e-35 1.0000000180025095e-35 1.0000000180025095e-35 1.0000000180025095e-35 1.0000000180025095e-35 1.0000000180025095e-35 1.0000000180025095e-35 1.0000000180025095e-35 1.0000000180025095e-35 1.0000000180025095e-35 1.0000000180025095e-35 1.0000000180025095e-35 1.0000000180025095e-35 1.0000000180025095e-35 1.0000000180025095e-35 1.0000000180025095e-35
decision_type=8 2 2 2 2 2 2 2 2 2 2 2 10 2 2 2 2 2 2 2 2 2 2 10 2 2 2 2 2 2 2 2 2 2 2 2 2 2 2 2 2 2 2 2 2 2 2 2 2 2 2 2 2 2
left_child=1 11 3 10 5 -4 7 -6 -2 -8 -3 23 15 14 -14 17 20 50 53 -20 22 -22 -17 27 25 34 38 39 31 30 -30 32 -29 -33 36 -36 -25 -31 -27 47 46 -42 44 -44 -18 -28 -41 49 -49 -1 52 -52 -13 -19
right_child=8 2 4 -5 6 -7 9 -9 -10 -11 -12 12 13 -15 -16 16 42 18 19 -21 21 -23 -24 24 -26 26 45 28 29 37 -32 33 -34 -35 35 -37 -38 -39 -40 40 41 -43 43 -45 -46 -47 -48 48 -50 -51 51 -53 -54 -55
leaf_value=2.3293116639605959e-05 0.011114559932050971 0.038332181838014269 -0.21297186407122595 -0.14366235009506603 0.14659759116033624 0.19481096281032415 -0.040478172562519232 0.19742038040279106 0.0046911226446456691 -0.059751339508684928 0.031591772587027292 0.0016177787115665421 -0.026473773062042332 0.076323784308832215 -0.099417371126219609 0.017007060964883008 -0.025918582963322494 -0.0022668127500970782 -0.016477707777905505 -0.0035562428827661456 0.011751544544077385 0.035074610615418986 0.0079865062080787027 -0.00047001422984413612 0.17060678291826617 -0.0065401866687538942 -0.094636108036975919 -0.0081618519190634845 -0.017855799227754082 -0.011869190000456838 -0.091238482487741066 -0.011066216027594099 0.036484338152329432 -0.041989771587030933 -0.0010783955045254377 0.080832916774587968 -0.053651222905288877 0.013424966775654001 0.019067135089467349 0.0066821894151722402 -0.0052214003546857627 0.0037853281323658354 0.021635524494440641 -0.026123622928420003 0.015169764224535847 -0.091062453857632064 0.0076968023273225467 -0.00097425773556924535 0.00012131753686142035 -8.2617840574920147e-05 -0.0029063333837203195 0.005974081946626666 -0.0054046920106400184 -0.0021791721180431838
leaf_weight=14089.65779569 425.58420862257481 86.149432983249426 87.270727654919028 84.117284564301372 56.634048826992512 67.178807985037565 46.024826914072037 64.046532027423382 600.60498188063502 46.590914241969585 62.247264377772808 778.33101482689381 73.810166850686073 79.851817410439253 63.786519423127174 232.33471097797155 69.315510809421539 243.35793844237924 180.86813393235207 165.64031430333853 137.58347578346729 99.9970782995224 204.92273607850075 2218.013744160533 81.831439413130283 63.231824744492769 49.238626357167959 240.10400834679604 163.59980422258377 114.19706316292286 50.690618589520454 191.47274048626423 80.096749007701874 83.813179783523083 2295.6840426698327 94.812801778316498 118.61900375783443 55.657841131091118 74.074551172554493 852.10879167914391 796.48788268864155 437.63652996718884 67.472011879086494 69.312621742486954 112.99282767623663 45.602193135768175 384.59121568500996 538.65427747368813 765.92677749693394 14700.285755299032 791.71277047693729 288.37002788484097 412.78148375451565 339.95719411969185
leaf_count=73023 1933 260 244 247 108 173 119 115 2265 110 172 1770 230 274 163 511 179 682 431 406 283 189 391 13859 230 225 160 589 324 231 124 411 216 196 11729 242 269 118 271 1620 1517 952 158 159 252 165 807 1343 1883 74257 1598 561 809 811
internal_value=0 3.63278e-05 0.00663863 -0.029313 0.0293697 -0.0356041 0.0764178 0.17357 0.00735507 -0.0501737 0.0355048 -5.58405e-05 0.000377563 -0.0101216 -0.0602887 0.000921796 0.0103415 -0.00200306 -0.00522876 -0.0103009 0.0158736 0.0215682 0.0127795 -0.000105401 0.000779437 -0.00202283 -0.0336578 -0.000238374 -0.0130967 -0.0212273 -0.0352145 -0.00785171 0.00300619 -0.0204812 -0.000469252 0.0021704 -0.00316975 -0.00358083 0.00727455 0.000148431 0.00248981 -0.0020275 -0.00135819 -0.00256538 -0.000452449 -0.0929178 0.00699772 -4.38014e-05 -0.000331039 -3.07855e-05 -0.000682471 -0.000535362 -0.000815867 -0.00221574
internal_weight=0 43598.7 600.26 232.514 367.746 154.45 213.296 120.681 1026.19 92.6157 148.397 42998.5 4412.4 217.449 137.597 4194.95 993.931 3201.02 929.824 346.508 674.838 237.581 437.257 38586.1 5041.11 4959.28 232.147 33545 979.632 384.145 214.29 595.487 320.201 275.286 4727.13 2390.5 2336.63 169.855 137.306 32565.3 2470.82 1234.12 319.093 136.785 182.308 94.8408 1236.7 30094.5 1304.58 28789.9 2271.2 1080.08 1191.11 583.315
internal_count=200364 196166 1548 679 869 417 452 223 4198 229 432 194618 9857 667 393 9190 2122 7068 2330 837 1374 472 902 184761 27150 26920 821 157611 2209 797 448 1412 805 607 26099 11971 14128 349 496 155402 4896 2469 748 317 431 325 2427 150506 3226 147280 4738 2159 2579 1493
is_linear=0
shrinkage=0.82779


Tree=8
num_leaves=55
num_cat=0
split_feature=3 5 6 0 7 0 4 2 4 2 5 0 4 5 0 7 7 4 0 6 0 0 6 0 4 4 0 5 6 7 5 5 6 6 6 4 0 0 7 5 6 5 6 7 0 0 6 6 6 6 6 6 6 6
split_gain=0.07329 0.292628 0.389491 1.02758 0.776065 0.886376 0.707841 0.368291 0.267699 0.0283399 0.679542 0.384338 0.0400564 0.956157 0.189918 0.110794 0.0212506 0.00742215 0.0381416 0.0138406 0.0488756 0.0102206 0.00677788 0.0146134 0.0109294 0.0068827 0.00290166 0.0127617 0.0152629 0.00505962 0.0441464 0.0270866 0.163482 0.0558868 0.0137672 0.00159346 0.0226688 0.0139943 0.000618128 0.0161206 0.00196765 0.000785397 0.000477544 0.000431217 0.00900976 0.00424498 0.00304274 0.0023151 0.000369007 0.000302721 0.000222924 0.000213863 4.18763e-05 4.24217e-06
threshold=1.0000000180025095e-35 1.0000000180025095e-35 1.0000000180025095e-35 1.0000000180025095e-35 1.0000000180025095e-35 1.0000000180025095e-35 1.0000000180025095e-35 1.0000000180025095e-35 1.0000000180025095e-35 1.0000000180025095e-35 1.0000000180025095e-35 1.0000000180025095e-35 1.0000000180025095e-35 1.0000000180025095e-35 1.0000000180025095e-35 1.0000000180025095e-35 1.0000000180025095e-35 1.0000000180025095e-35 1.0000000180025095e-35 1.0000000180025095e-35 1.0000000180025095e-35 1.0000000180025095e-35 1.0000000180025095e-35 1.0000000180025095e-35 1.0000000180025095e-35 1.0000000180025095e-35 1.0000000180025095e-35 inf 1.0000000180025095e-35 1.0000000180025095e-35 1.0000000180025095e-35 1.0000000180025095e-35 1.0000000180025095e-35 1.0000000180025095e-35 1.0000000180025095e-35 1.0000000180025095e-35 1.0000000180025095e-35 1.0000000180025095e-35 1.0000000180025095e-35 1.0000000180025095e-35 1.0000000180025095e-35 1.0000000180025095e-35 1.0000000180025095e-35 1.0000000180025095e-35 1.0000000180025095e-35 1.0000000180025095e-35 1.0000000180025095e-35 1.0000000180025095e-35 1.0000000180025095e-35 1.0000000180025095e-35 1.0000000180025095e-35 1.0000000180025095e-35 1.0000000180025095e-35 1.0000000180025095e-35
decision_type=2 10 2 2 2 2 2 2 2 2 10 2 2 8 2 2 2 2 2 2 2 2 2 2 2 2 2 8 2 2 8 10 2 2 2 2 2 2 2 10 2 10 2 2 2 2 2 2 2 2 2 2 2 2
left_child=9 2 4 -4 6 -6 -2 -7 -5 12 16 -12 26 43 15 -15 17 19 50 20 -11 -21 35 24 -24 -25 27 38 -29 31 34 33 -33 -28 -31 36 -18 -37 41 40 -40 49 -41 44 46 51 -14 -47 -20 -1 -19 -45 -46 -43
right_child=1 -3 3 8 5 7 -8 -9 -10 10 11 -13 13 14 -16 -17 22 18 48 21 -22 -23 23 25 -26 -27 29 28 -30 30 -32 32 -34 -35 -36 37 -38 -39 39 42 -42 53 -44 45 52 47 -48 -49 -50 -51 -52 -53 -54 -55
leaf_value=-0.00012010817096164685 -0.11362064981721524 -0.040957975359539822 -0.032497586074602812 0.049207217071435827 0.10444424520439453 -0.047418919711850187 0.0022412642105563161 0.046692159320486447 0.12847597388711174 0.007045217130418684 -0.12241007092622194 -0.024878640722700279 0.003242558963950256 0.011793917189419615 0.092815872005785796 0.067295394260583161 -0.004654120124081524 -0.0024040995557940118 0.013003995565604986 0.0014211664436970949 -0.016262954080887758 0.012799866587017083 -0.0049247632004775777 -0.016082566374717892 0.0063435299335836692 -0.005414640269028553 0.0086504363604805717 -0.0067933335470181629 -0.00029874469765011686 -0.0047965736480336703 0.01603151693844692 -0.027146953528245591 0.018871177664408333 -0.0019482664076426136 0.0010651646685572091 0.0037349097539993584 0.010379750197747981 -0.0065316262206716515 0.00070782890059326964 -0.0069329435854700062 -0.00036893727952267471 0.00037961682300933992 -0.0049426576140315396 -0.0018244401089388448 -0.0031696230412339497 -0.00015929129342509327 0.00023178329337176742 0.0032030269423399672 0.015232286771963003 6.0720762299025208e-05 -0.0007373712659748357 -0.001126731059249325 -0.0026746668745934806 0.00032770483664329203
leaf_weight=12546.873659744859 61.662240552715957 70.301844418048859 71.328274693340063 52.481524679809809 74.687547832727432 72.646840579807758 87.26927936822176 46.881808258593082 65.788604035973549 144.85294438898563 47.00278228521347 67.368577510118484 391.94583467394114 51.919057730585337 77.801853656768799 46.918147534132004 174.49205639213324 116.01724795252085 135.63728499412537 132.44875192642212 107.32274049520493 91.4328792989254 147.67258558422327 78.805161088705063 98.206535130739212 87.407192498445511 651.57321979105473 422.99647903442383 599.20086751878262 580.97170752286911 101.29918757453561 120.21368611603975 94.471590980887413 715.02460286021233 520.56888289749622 184.08463564515114 113.38614429533482 179.88131047040224 2082.0144878327847 152.58215869218111 2634.2720517888665 2128.4223578721285 180.13117078319192 629.22339551150799 259.92197265475988 337.65036503225565 556.7136110663414 240.1127316057682 81.53849969804287 12831.366942554712 104.5324365273118 577.18890404701233 213.21552982926369 2187.0983864441514
leaf_count=68970 198 258 186 122 187 161 210 99 134 352 160 198 972 190 206 147 453 278 283 290 216 176 318 173 224 180 1231 1921 2257 1198 317 268 253 1415 1056 412 233 360 5396 496 6052 13588 555 1480 551 689 1186 498 169 70088 217 1223 469 11445
internal_value=0 0.00923916 0.0158632 0.0459747 -0.000774149 0.0336989 -0.0457291 -0.0105065 0.093301 5.1167e-05 -0.00292225 -0.0649608 0.000199519 0.0029308 0.0622227 0.0381405 0.000665431 0.00359335 0.00605368 0.00133113 -0.00287444 0.00606821 -0.00184927 -0.00447703 -0.000424096 -0.0104726 -4.01453e-05 -0.000103511 -0.00298628 0.000773848 -0.000505639 0.00174712 -0.00689682 0.00310504 -0.00202642 -0.000188028 0.00126725 -0.00133908 -1.86941e-05 -0.000286461 0.000106403 2.68358e-05 -0.0058554 -0.000335999 4.08582e-06 -0.000607011 0.00147571 0.00123806 0.0138406 -2.86801e-05 -0.00161413 -0.00149063 -0.00294658 0.000353308
internal_weight=0 603.048 532.746 189.598 343.148 194.216 148.932 119.529 118.27 44023.8 2092.09 114.371 41931.7 3382.61 176.639 98.8372 1977.72 913.783 437.725 476.057 252.176 223.882 1063.94 412.091 245.879 166.212 38549.1 35765 1022.2 2784.12 1202.84 1581.28 214.685 1366.6 1101.54 651.844 287.878 363.966 34742.8 5049 4716.29 29693.8 332.713 3205.97 1421.8 1784.18 948.659 577.763 217.176 25378.2 220.55 1206.41 473.138 4315.52
internal_count=200364 1555 1297 442 855 447 408 260 256 198809 4692 358 194117 7611 543 337 4334 1981 947 1034 568 466 2353 895 542 353 186506 180768 4178 5738 2571 3167 521 2646 2254 1458 686 772 176590 12499 11448 164091 1051 7068 3178 3890 2158 1187 452 139058 495 2703 1020 25033
is_linear=0
shrinkage=0.82779


end of trees

feature_importances:
Male=124
Sore_throat=100
Age_60+=63
Fever=59
Headache=47
Cough=44
Contact_with_confirmed=36
Shortness_of_breath=24

parameters:
[boosting: gbdt]
[objective: binary]
[metric: auc]
[tree_learner: serial]
[device_type: cpu]
[linear_tree: 0]
[data: ]
[valid: ]
[num_iterations: 604]
[learning_rate: 0.82779]
[num_leaves: 62]
[num_threads: 0]
[deterministic: 0]
[force_col_wise: 0]
[force_row_wise: 0]
[histogram_pool_size: -1]
[max_depth: 27]
[min_data_in_leaf: 55]
[min_sum_hessian_in_leaf: 45.0085]
[bagging_fraction: 0.819206]
[pos_bagging_fraction: 1]
[neg_bagging_fraction: 1]
[bagging_freq: 0]
[bagging_seed: 3]
[feature_fraction: 0.854793]
[feature_fraction_bynode: 1]
[feature_fraction_seed: 2]
[extra_trees: 0]
[extra_seed: 6]
[early_stopping_round: 50]
[first_metric_only: 0]
[max_delta_step: 0]
[lambda_l1: 0]
[lambda_l2: 0]
[linear_lambda: 0]
[min_gain_to_split: 0]
[drop_rate: 0.1]
[max_drop: 50]
[skip_drop: 0.5]
[xgboost_dart_mode: 0]
[uniform_drop: 0]
[drop_seed: 4]
[top_rate: 0.2]
[other_rate: 0.1]
[min_data_per_group: 100]
[max_cat_threshold: 32]
[cat_l2: 10]
[cat_smooth: 10]
[max_cat_to_onehot: 4]
[top_k: 20]
[monotone_constraints: ]
[monotone_constraints_method: basic]
[monotone_penalty: 0]
[feature_contri: ]
[forcedsplits_filename: ]
[refit_decay_rate: 0.9]
[cegb_tradeoff: 1]
[cegb_penalty_split: 0]
[cegb_penalty_feature_lazy: ]
[cegb_penalty_feature_coupled: ]
[path_smooth: 0]
[interaction_constraints: ]
[verbosity: -1]
[saved_feature_importance_type: 0]
[max_bin: 56]
[max_bin_by_feature: ]
[min_data_in_bin: 3]
[bin_construct_sample_cnt: 200000]
[data_random_seed: 1]
[is_enable_sparse: 1]
[enable_bundle: 1]
[use_missing: 1]
[zero_as_missing: 0]
[feature_pre_filter: 1]
[pre_partition: 0]
[two_round: 0]
[header: 0]
[label_column: ]
[weight_column: ]
[group_column: ]
[ignore_column: ]
[categorical_feature: ]
[forcedbins_filename: ]
[objective_seed: 5]
[num_class: 1]
[is_unbalance: 1]
[scale_pos_weight: 1]
[sigmoid: 1]
[boost_from_average: 0]
[reg_sqrt: 0]
[alpha: 0.9]
[fair_c: 1]
[poisson_max_delta_step: 0.7]
[tweedie_variance_power: 1.5]
[lambdarank_truncation_level: 30]
[lambdarank_norm: 1]
[label_gain: ]
[eval_at: ]
[multi_error_top_k: 1]
[auc_mu_weights: ]
[num_machines: 1]
[local_listen_port: 12400]
[time_out: 120]
[machine_list_filename: ]
[machines: ]
[gpu_platform_id: -1]
[gpu_device_id: -1]
[gpu_use_dp: 0]
[num_gpu: 1]

end of parameters

pandas_categorical:[]
