tree
version=v3
num_class=1
num_tree_per_iteration=1
label_index=0
max_feature_idx=7
objective=binary sigmoid:1
feature_names=Cough Fever Sore_throat Shortness_of_breath Headache Age_60+ Male Contact_with_confirmed
feature_infos=[0:1] [0:1] [0:1] [0:1] [0:1] none [0:1] [0:1]
tree_sizes=1998 1802 1712 1504 1607 1308 1619 1743 1848 1860

Tree=0
num_leaves=18
num_cat=0
split_feature=7 0 1 2 3 6 2 2 1 1 6 0 6 0 1 0 6
split_gain=49581.1 18480.2 8874.05 3095.53 1478.51 1.73152 1.27584 0.332442 0.170654 0.0660093 0.133676 0.1252 0.117331 0.0796961 0.047721 0.00995225 0.00816147
threshold=1.0000000180025095e-35 1.0000000180025095e-35 1.0000000180025095e-35 1.0000000180025095e-35 1.0000000180025095e-35 1.0000000180025095e-35 1.0000000180025095e-35 1.0000000180025095e-35 1.0000000180025095e-35 1.0000000180025095e-35 1.0000000180025095e-35 1.0000000180025095e-35 1.0000000180025095e-35 1.0000000180025095e-35 1.0000000180025095e-35 1.0000000180025095e-35 1.0000000180025095e-35
decision_type=2 2 2 2 2 2 2 2 2 2 2 2 2 2 2 2 2
left_child=1 2 3 4 -1 7 14 8 -3 10 13 -12 15 -2 -7 -11 -4
right_child=9 5 16 -5 -6 6 -8 -9 -10 12 11 -13 -14 -15 -16 -17 -18
leaf_value=-0.81619968907317819 1.9878133748223721 1.9691637783792648 1.9871443843523124 1.9875751636268488 1.984171854145143 1.9020922307026014 1.9754324479476089 1.9936536740721931 1.9433047570444784 1.9742700897654593 1.9848539396662912 1.9692707690375748 1.989855535527195 1.996920476503057 1.8847652344445009 1.9669793738232628 1.9819209103968478
leaf_weight=35722.253784179688 3692.5727462768555 1070.1700229644775 544.50912284851074 402.41978645324707 189.53578186035156 459.61623191833496 284.92867279052734 472.71445465087891 335.12511825561523 427.51800918579102 3103.1171779632568 618.30379104614258 591.45556831359863 1298.902250289917 242.98222732543945 333.12511825561523 663.75023651123047
leaf_count=101049 201 78 30 22 11 64 19 23 33 29 178 45 31 59 38 25 40
internal_value=0 -0.494874 -0.681806 -0.770513 -0.80142 1.95289 1.91899 1.97071 1.963 1.98579 1.9868 1.98226 1.97929 1.99018 1.8961 1.97108 1.98427
internal_weight=0 40388 37522.5 36314.2 35911.8 2865.54 987.527 1878.01 1405.3 10065 8712.9 3721.42 1352.1 4991.47 702.598 760.643 1208.26
internal_count=101975 101407 101152 101082 101060 255 121 134 111 568 483 223 85 260 102 54 70
is_linear=0
shrinkage=1


Tree=1
num_leaves=16
num_cat=0
split_feature=4 7 1 7 6 1 2 2 6 1 6 6 6 6 2
split_gain=5532.09 4271.14 682.58 422.299 375.981 375.732 121.982 51.3137 20.6098 0.287707 0.380139 0.17833 0.159276 0.0367548 0.00363499
threshold=1.0000000180025095e-35 1.0000000180025095e-35 1.0000000180025095e-35 1.0000000180025095e-35 1.0000000180025095e-35 1.0000000180025095e-35 1.0000000180025095e-35 1.0000000180025095e-35 1.0000000180025095e-35 1.0000000180025095e-35 1.0000000180025095e-35 1.0000000180025095e-35 1.0000000180025095e-35 1.0000000180025095e-35 1.0000000180025095e-35
decision_type=2 2 2 2 2 2 2 2 2 2 2 2 2 2 2
left_child=1 2 4 5 6 8 -1 -6 -2 11 -11 -3 -4 14 -5
right_child=3 9 12 13 7 -7 -8 -9 -10 10 -12 -13 -14 -15 -16
leaf_value=0.018930669926900474 2.2290488241924562 1.1104403434518471 1.0456070582101271 1.1222708111410205 -0.19873764560984516 1.1163097013140819 1.1268680675107585 0.91922521997925044 2.5249565992445722 1.0462236084369712 1.1067725038863732 1.0950911986930323 1.0117499130557763 1.1097007985828253 1.1275581649809328
leaf_weight=14447.332691416144 663.1583676636219 1672.798814535141 276.63777367025614 340.53120888769627 15879.56035348773 336.23365453630686 100.06093280017376 41.16259977221489 364.88464894890785 214.87678191065788 200.38295610249043 1382.499963119626 279.16099521517754 251.54881355911493 210.33796314895153
leaf_count=46403 50 211 53 39 54741 41 11 13 32 41 26 196 63 32 23
internal_value=0 0.0480661 -0.0696263 1.69537 -0.0896601 2.03395 0.0265514 -0.195847 2.33408 1.10014 1.07544 1.10349 1.0286 1.11972 1.12429
internal_weight=0 34494.5 31023.9 2166.69 30468.1 1364.28 14547.4 15920.7 1028.04 3470.56 415.26 3055.3 555.799 802.418 550.869
internal_count=101975 101758 101284 217 101168 123 46414 54754 82 474 67 407 116 94 62
is_linear=0
shrinkage=1


Tree=2
num_leaves=15
num_cat=0
split_feature=7 4 1 3 2 1 6 4 1 6 6 6 6 2
split_gain=1386.64 734.136 144.294 101.995 46.3273 3.69447 0.815706 0.590572 0.674193 0.868022 0.459936 0.307521 0.0941249 0.00858366
threshold=1.0000000180025095e-35 1.0000000180025095e-35 1.0000000180025095e-35 1.0000000180025095e-35 1.0000000180025095e-35 1.0000000180025095e-35 1.0000000180025095e-35 1.0000000180025095e-35 1.0000000180025095e-35 1.0000000180025095e-35 1.0000000180025095e-35 1.0000000180025095e-35 1.0000000180025095e-35 1.0000000180025095e-35
decision_type=2 2 2 2 2 2 2 2 2 2 2 2 2 2
left_child=1 2 3 4 -1 6 -3 8 10 -10 -2 -4 13 -9
right_child=7 5 11 -5 -6 -7 -8 12 9 -11 -12 -13 -14 -15
leaf_value=-0.0074380216788618942 0.97755958412788868 1.2064420031079579 0.82246325822948674 1.0904504943136246 0.89127518790673543 0.9847516544282281 1.1178749980717029 1.0065120436634332 0.82432199744103563 0.96863247122550955 0.93823842131870472 0.74998559882246241 0.9740520324591726 1.0196145510075334
leaf_weight=29093.428720206022 651.98925091326237 296.24700230825692 114.7374911159277 85.13931717351079 57.471365720033646 130.84477530792356 160.2362767001614 131.3287588134408 89.043659240007401 78.360817097127438 547.07463427633047 119.52761254832149 98.196713905781507 80.737570896744728
leaf_count=101132 211 50 53 13 23 41 32 39 41 26 196 63 32 23
internal_value=0 0.0258522 0.00378947 -0.00247416 -0.0056662 1.13289 1.17535 0.960262 0.95132 0.891873 0.959619 0.785483 0.999648 1.0115
internal_weight=0 30057.6 29470.3 29236 29150.9 587.328 456.483 1676.73 1366.47 167.404 1199.06 234.265 310.263 212.066
internal_count=101975 101407 101284 101168 101155 123 82 568 474 67 407 116 94 62
is_linear=0
shrinkage=1


Tree=3
num_leaves=13
num_cat=0
split_feature=7 4 3 2 1 4 1 6 6 6 6 2
split_gain=419.684 217.445 37.5887 19.7462 10.5242 1.28979 1.30406 1.50237 0.979289 0.939159 0.223462 0.0212739
threshold=1.0000000180025095e-35 1.0000000180025095e-35 1.0000000180025095e-35 1.0000000180025095e-35 1.0000000180025095e-35 1.0000000180025095e-35 1.0000000180025095e-35 1.0000000180025095e-35 1.0000000180025095e-35 1.0000000180025095e-35 1.0000000180025095e-35 1.0000000180025095e-35
decision_type=2 2 2 2 2 2 2 2 2 2 2 2
left_child=1 2 3 4 -1 6 8 -8 -2 -3 11 -7
right_child=5 9 -4 -5 -6 10 7 -9 -10 -11 -12 -13
leaf_value=-1.1251974318201891e-05 0.84708873438136023 1.0274168643374679 0.87878519175631598 0.7129732092645632 0.35484987552689873 0.9176933431627663 0.53575281090639237 0.82612860331960525 0.75701734322153347 0.8956670716584485 0.83836339842320107 0.95102227718089116
leaf_weight=29005.661165222526 259.03893028199673 144.15640585543588 48.974003987386823 39.00775676779449 83.815361630171537 50.708939228206873 41.177258346229792 31.408694438636303 226.0394378323108 86.61317143170163 39.159993411973119 30.7742580473423
leaf_count=101132 211 72 23 33 96 39 41 26 196 51 32 23
internal_value=0 0.0110836 0.00343637 0.00196464 0.00101121 0.806693 0.786411 0.661401 0.805117 0.977968 0.900445 0.930281
internal_weight=0 29408.2 29177.5 29128.5 29089.5 678.308 557.664 72.586 485.078 230.77 120.643 81.4832
internal_count=101975 101407 101284 101261 101228 568 474 67 407 123 94 62
is_linear=0
shrinkage=1


Tree=4
num_leaves=14
num_cat=0
split_feature=0 4 7 7 2 6 3 6 4 7 6 6 6
split_gain=427.727 81.6424 59.975 9.01723 4.62988 4.53549 3.90945 2.45535 1.2992 1.09656 1.24975 0.053799 0.00259948
threshold=1.0000000180025095e-35 1.0000000180025095e-35 1.0000000180025095e-35 1.0000000180025095e-35 1.0000000180025095e-35 1.0000000180025095e-35 1.0000000180025095e-35 1.0000000180025095e-35 1.0000000180025095e-35 1.0000000180025095e-35 1.0000000180025095e-35 1.0000000180025095e-35 1.0000000180025095e-35
decision_type=2 2 2 2 2 2 2 2 2 2 2 2 2
left_child=1 2 4 7 6 8 -1 -2 -5 10 -3 -11 -4
right_child=3 9 12 5 -6 -7 -8 -9 -10 11 -12 -13 -14
leaf_value=-0.01580404525115553 0.9458366953830083 1.023242318656381 0.52856598581652492 0.58993850269997505 0.56829953935077293 0.1888455157538077 0.54194781845049611 0.80765957481099793 0.94126511310901029 0.66175253487798491 0.76345520127375577 0.74325728470489461 0.53575153048928781
leaf_weight=28566.664827376604 307.75268407876138 45.97422581911087 104.294184057042 33.414395524188876 13.588172816671429 26.849196438211948 12.572603562846778 220.91147478111088 15.366256936453281 17.407535352744162 31.00685404939577 15.144104283303021 97.331517863553017
leaf_count=101054 134 34 195 57 21 57 14 121 27 35 29 26 171
internal_value=0 -0.00817087 -0.0114488 0.841894 -0.0152812 0.518929 -0.0155587 0.888097 0.700609 0.85354 0.918604 0.699671 0.532035
internal_weight=0 28904 28794.5 604.294 28592.8 75.6298 28579.2 528.664 48.7807 109.533 76.9811 32.5516 201.626
internal_count=101975 101579 101455 396 101089 141 101068 255 84 124 63 61 366
is_linear=0
shrinkage=1


Tree=5
num_leaves=11
num_cat=0
split_feature=0 1 7 4 1 7 7 7 7 3
split_gain=68.4373 102.381 33.8914 19.1772 14.688 5.38484 4.34919 4.18375 1.45764 1.43911
threshold=1.0000000180025095e-35 1.0000000180025095e-35 1.0000000180025095e-35 1.0000000180025095e-35 1.0000000180025095e-35 1.0000000180025095e-35 1.0000000180025095e-35 1.0000000180025095e-35 1.0000000180025095e-35 1.0000000180025095e-35
decision_type=2 2 2 2 2 2 2 2 2 2
left_child=3 7 -3 4 5 9 -6 -2 -5 -1
right_child=1 2 -4 8 6 -7 -8 -9 -10 -11
leaf_value=-0.0010651244871138239 0.71343787192098096 -2.3597593384794329 -0.12782308128956277 0.75754141984987822 0.65500221103980683 0.22443821903534647 -0.0056489089619169925 0.34163692733062889 0.38971377672088092 0.49656379598119893
leaf_weight=28339.076154215727 238.78602185467025 15.155832466902211 12.345056696562096 31.796442953171209 44.424460095353425 106.38665053853765 12.84617917658761 34.658105026464909 16.294845760567114 5.8126128632575265
leaf_count=101030 168 87 37 63 51 330 36 104 61 8
internal_value=0 0.481342 -1.35785 0.00196248 0.000898133 -0.000120243 0.506814 0.666313 0.63291 -0.000963077
internal_weight=0 300.945 27.5009 28556.6 28508.5 28451.3 57.2706 273.444 48.0913 28344.9
internal_count=101975 396 124 101579 101455 101368 87 272 124 101038
is_linear=0
shrinkage=1


Tree=6
num_leaves=14
num_cat=0
split_feature=1 7 6 4 6 4 6 2 7 3 6 7 7
split_gain=60.2289 8.62656 3.68708 2.9298 2.89342 1.58808 5.97547 2.2458 0.918805 0.111921 0.0789936 0.074774 0.0392312
threshold=1.0000000180025095e-35 1.0000000180025095e-35 1.0000000180025095e-35 1.0000000180025095e-35 1.0000000180025095e-35 1.0000000180025095e-35 1.0000000180025095e-35 1.0000000180025095e-35 1.0000000180025095e-35 1.0000000180025095e-35 1.0000000180025095e-35 1.0000000180025095e-35 1.0000000180025095e-35
decision_type=2 2 2 2 2 2 2 2 2 2 2 2 2
left_child=5 3 -3 4 -2 7 8 9 -7 11 -5 -1 -8
right_child=1 2 -4 10 -6 6 12 -9 -10 -11 -12 -13 -14
leaf_value=0.0018219192301410924 0.69001761632865777 -0.23601445507813926 0.48904987056690397 0.89530644480839294 0.38224494399304115 0.87699534421002956 -0.26058015990793365 -0.46758834871009664 0.40034254786606566 0.14107949184755939 0.81233779746629298 0.029277803726173928 -0.37868691908900259
leaf_weight=28442.868686623871 71.784787358948961 17.700330530991778 11.616039981134238 23.304890414699912 53.171159440185875 7.8779529372404804 6.3212624121224525 10.190425746375693 8.3098582548554987 5.7804391765967003 22.606903191539459 99.539880507159978 5.0666900263167918
leaf_count=101132 53 54 31 22 63 50 32 42 49 17 19 384 27
internal_value=0 0.552441 0.0512781 0.638427 0.559054 0.00200991 0.241873 0.0017783 0.63231 0.00194585 0.854453 0.00191767 -0.313128
internal_weight=0 200.184 29.3164 170.868 124.956 28586 27.5758 28558.4 16.1878 28548.2 45.9118 28542.4 11.388
internal_count=101975 242 85 157 116 101733 158 101575 99 101533 41 101516 59
is_linear=0
shrinkage=1


Tree=7
num_leaves=15
num_cat=0
split_feature=0 7 2 4 2 1 4 7 1 2 7 1 1 7
split_gain=24.9019 3.76559 1.80866 0.811876 0.70633 0.406221 0.376276 0.757547 0.367901 0.318634 0.0364567 0.123867 0.0659545 0.0104094
threshold=1.0000000180025095e-35 1.0000000180025095e-35 1.0000000180025095e-35 1.0000000180025095e-35 1.0000000180025095e-35 1.0000000180025095e-35 1.0000000180025095e-35 1.0000000180025095e-35 1.0000000180025095e-35 1.0000000180025095e-35 1.0000000180025095e-35 1.0000000180025095e-35 1.0000000180025095e-35 1.0000000180025095e-35
decision_type=2 2 2 2 2 2 2 2 2 2 2 2 2 2
left_child=2 3 6 5 8 -2 10 -8 -3 -5 11 -1 -12 -4
right_child=1 4 13 9 -6 -7 7 -9 -10 -11 12 -13 -14 -15
leaf_value=-0.0018168147699093495 0.38586369265013626 0.049189769936656864 0.33441957795217137 0.44471827021606003 0.34431253965437397 0.28615105540026609 0.30350678077595389 -0.095040378722491409 -0.17683132296406229 0.69687073409956724 0.007722794378143159 -0.097253691961587535 0.087420544276040846 0.28713664076723533
leaf_weight=28346.499797899742 123.77292498177849 20.948779874481261 8.9110951878828928 10.540606369628222 6.0436575405765316 60.988410523161292 11.402101035171654 8.1985131554538384 10.974392639938744 9.5537793353723828 79.32887880736962 13.606042960193006 11.947570636868475 9.7508515410590917
leaf_count=101023 130 88 29 32 22 65 55 46 31 28 316 45 31 34
internal_value=0 0.3201 -0.00149897 0.37371 0.0308363 0.352949 -0.00170296 0.136803 -0.0285107 0.564603 -0.00179838 -0.0018626 0.0181548 0.309714
internal_weight=0 242.823 28489.6 204.856 37.9668 184.761 28471 19.6006 31.9232 20.0944 28451.4 28360.1 91.2764 18.6619
internal_count=101975 396 101579 255 141 195 101516 101 119 60 101415 101068 347 63
is_linear=0
shrinkage=1


Tree=8
num_leaves=16
num_cat=0
split_feature=0 6 1 7 2 1 7 1 2 7 6 7 4 7 6
split_gain=0.939098 10.4795 2.17497 1.33624 1.05764 0.747093 0.591054 0.178464 0.589971 0.297727 0.347061 0.0865454 0.0863552 1.42757 0.0181401
threshold=1.0000000180025095e-35 1.0000000180025095e-35 1.0000000180025095e-35 1.0000000180025095e-35 1.0000000180025095e-35 1.0000000180025095e-35 1.0000000180025095e-35 1.0000000180025095e-35 1.0000000180025095e-35 1.0000000180025095e-35 1.0000000180025095e-35 1.0000000180025095e-35 1.0000000180025095e-35 1.0000000180025095e-35 1.0000000180025095e-35
decision_type=2 2 2 2 2 2 2 2 2 2 2 2 2 2 2
left_child=7 4 3 -3 5 6 -2 8 12 10 -9 -10 14 -14 -1
right_child=1 2 -4 -5 -6 -7 -8 9 11 -11 -12 -13 13 -15 -16
leaf_value=0.00080254697385066722 0.28591962331691517 -0.22504130317176491 0.020799049796167143 -0.60738050645501718 0.60506640134931278 0.1422334661191568 0.56478834672858536 -0.38738402101453895 0.13936298126611185 0.028612716182937464 -0.07095170841193052 0.31244213340478 0.36974687193256783 -0.24607264423870129 -0.000795810843703234
leaf_weight=14130.395407281583 45.104060385841876 40.741884975243011 31.720613868441433 11.784914838150142 9.9317865937482548 33.079255417920649 9.1404486335813981 5.0312155407154941 5.7693873154930753 14.31691109808162 11.142326068540569 5.7868201644159853 7.8829232798889262 7.204941701842472 14272.537447597831
leaf_count=46505 78 79 54 45 40 52 48 30 22 48 40 25 37 38 54834
internal_value=0 0.072209 -0.185962 -0.310823 0.295849 0.26068 0.33291 4.94013e-05 0.000131409 -0.0764152 -0.169386 0.226033 3.95458e-05 0.0756732 -6.31413e-07
internal_weight=0 181.503 84.2474 52.5268 97.2556 87.3238 54.2445 28460.1 28429.6 30.4905 16.1735 11.5562 28418 15.0879 28402.9
internal_count=101975 396 178 124 218 178 126 101579 101461 118 70 47 101414 75 101339
is_linear=0
shrinkage=1


Tree=9
num_leaves=16
num_cat=0
split_feature=3 6 1 0 0 7 6 7 6 4 7 6 6 6 7
split_gain=1.41408 1.06806 0.35115 0.825088 0.645235 0.376539 0.359397 0.247026 1.01777 0.193686 0.173245 0.110198 0.0852676 0.0312238 0.00367751
threshold=1.0000000180025095e-35 1.0000000180025095e-35 1.0000000180025095e-35 1.0000000180025095e-35 1.0000000180025095e-35 1.0000000180025095e-35 1.0000000180025095e-35 1.0000000180025095e-35 1.0000000180025095e-35 1.0000000180025095e-35 1.0000000180025095e-35 1.0000000180025095e-35 1.0000000180025095e-35 1.0000000180025095e-35 1.0000000180025095e-35
decision_type=2 2 2 2 2 2 2 2 2 2 2 2 2 2 2
left_child=2 -2 3 9 5 6 -4 8 -6 14 13 -12 -11 -5 -1
right_child=1 -3 4 10 7 -7 -8 -9 -10 12 11 -13 -14 -15 -16
leaf_value=-5.9583585944692621e-06 0.53923652324746529 0.012143439916389481 0.31632146652901771 0.040524549287087736 0.058944740041143272 -0.079937634365136803 0.030935708849122303 -0.26194183642574914 -0.24328993921076542 0.0034594131818236492 0.28150681929227678 0.1234992189900716 0.1615898353266928 0.079777452801312987 -0.0067467927850502658
leaf_weight=28325.032476190478 8.5411152252927405 6.9909289048227938 7.2511430665617818 33.924280232771707 21.902049568947405 12.887573464307936 11.27310066530481 11.031414251308886 22.679303510114551 5.0090718131978038 5.5568160535767701 21.459158221259713 10.681675511412323 50.328887651732657 81.164985557319596
leaf_count=101030 33 18 27 82 40 45 36 35 39 48 55 45 40 75 327
internal_value=0 0.301993 0.000179152 0.000372596 -0.0632464 0.0513256 0.142647 -0.12796 -0.0948073 3.61343e-05 0.0863164 0.155999 0.111109 0.0639724 -2.52189e-05
internal_weight=0 15.532 28620.2 28533.2 87.0246 31.4118 18.5242 55.6128 44.5814 28421.9 111.269 27.016 15.6907 84.2532 28406.2
internal_count=101975 51 101924 101702 222 108 63 114 79 101445 257 100 88 157 101357
is_linear=0
shrinkage=1


end of trees

feature_importances:
Male=37
Contact_with_confirmed=30
Fever=23
Sore_throat=17
Headache=14
Cough=10
Shortness_of_breath=7

parameters:
[boosting: gbdt]
[objective: binary]
[metric: auc]
[tree_learner: serial]
[device_type: cpu]
[linear_tree: 0]
[data: ]
[valid: ]
[num_iterations: 604]
[learning_rate: 1]
[num_leaves: 24]
[num_threads: 0]
[deterministic: 0]
[force_col_wise: 0]
[force_row_wise: 0]
[histogram_pool_size: -1]
[max_depth: 5]
[min_data_in_leaf: 20]
[min_sum_hessian_in_leaf: 0]
[bagging_fraction: 0.8]
[pos_bagging_fraction: 1]
[neg_bagging_fraction: 1]
[bagging_freq: 0]
[bagging_seed: 3]
[feature_fraction: 0.9]
[feature_fraction_bynode: 1]
[feature_fraction_seed: 2]
[extra_trees: 0]
[extra_seed: 6]
[early_stopping_round: 50]
[first_metric_only: 0]
[max_delta_step: 0]
[lambda_l1: 0]
[lambda_l2: 0]
[linear_lambda: 0]
[min_gain_to_split: 0]
[drop_rate: 0.1]
[max_drop: 50]
[skip_drop: 0.5]
[xgboost_dart_mode: 0]
[uniform_drop: 0]
[drop_seed: 4]
[top_rate: 0.2]
[other_rate: 0.1]
[min_data_per_group: 100]
[max_cat_threshold: 32]
[cat_l2: 10]
[cat_smooth: 10]
[max_cat_to_onehot: 4]
[top_k: 20]
[monotone_constraints: ]
[monotone_constraints_method: basic]
[monotone_penalty: 0]
[feature_contri: ]
[forcedsplits_filename: ]
[refit_decay_rate: 0.9]
[cegb_tradeoff: 1]
[cegb_penalty_split: 0]
[cegb_penalty_feature_lazy: ]
[cegb_penalty_feature_coupled: ]
[path_smooth: 0]
[interaction_constraints: ]
[verbosity: -1]
[saved_feature_importance_type: 0]
[max_bin: 20]
[max_bin_by_feature: ]
[min_data_in_bin: 3]
[bin_construct_sample_cnt: 200000]
[data_random_seed: 1]
[is_enable_sparse: 1]
[enable_bundle: 1]
[use_missing: 1]
[zero_as_missing: 0]
[feature_pre_filter: 1]
[pre_partition: 0]
[two_round: 0]
[header: 0]
[label_column: ]
[weight_column: ]
[group_column: ]
[ignore_column: ]
[categorical_feature: ]
[forcedbins_filename: ]
[objective_seed: 5]
[num_class: 1]
[is_unbalance: 1]
[scale_pos_weight: 1]
[sigmoid: 1]
[boost_from_average: 0]
[reg_sqrt: 0]
[alpha: 0.9]
[fair_c: 1]
[poisson_max_delta_step: 0.7]
[tweedie_variance_power: 1.5]
[lambdarank_truncation_level: 30]
[lambdarank_norm: 1]
[label_gain: ]
[eval_at: ]
[multi_error_top_k: 1]
[auc_mu_weights: ]
[num_machines: 1]
[local_listen_port: 12400]
[time_out: 120]
[machine_list_filename: ]
[machines: ]
[gpu_platform_id: -1]
[gpu_device_id: -1]
[gpu_use_dp: 0]
[num_gpu: 1]

end of parameters

pandas_categorical:[]
